[  0.05366563   0.10733126   0.16099689   0.21466253   0.26832816
   0.32199379   0.37565942   0.42932505   0.48299068   0.53665631
   0.59032195   0.64398758   0.69765321   0.75131884   0.80498447
   0.8586501    0.91231573   0.96598137   1.019647     1.07331263
   1.12697826   1.18064389   1.23430952   1.28797516   1.34164079
   1.39530642   1.44897205   1.50263768   1.55630331   1.60996894
   1.66363458   1.71730021   1.77096584   1.82463147   1.8782971
   1.93196273   1.98562836   2.039294     2.09295963   2.14662526
   2.20029089   2.25395652   2.30762215   2.36128778   2.41495342
   2.46861905   2.52228468   2.57595031   2.62961594   2.68328157
   2.7369472    2.79061284   2.84427847   2.8979441    2.95160973
   3.00527536   3.05894099   3.11260662   3.16627226   3.21993789
   3.27360352   3.32726915   3.38093478   3.43460041   3.48826604
   3.54193168   3.59559731   3.64926294   3.70292857   3.7565942
   3.81025983   3.86392547   3.9175911    3.97125673   4.02492236
   4.07858799   4.13225362   4.18591925   4.23958489   4.29325052
   4.34691615   4.40058178   4.45424741   4.50791304   4.56157867
   4.61524431   4.66890994   4.72257557   4.7762412    4.82990683
   4.88357246   4.93723809   4.99090373   5.04456936   5.09823499
   5.15190062   5.20556625   5.25923188   5.31289751   5.36656315
   5.42022878   5.47389441   5.52756004   5.58122567   5.6348913
   5.68855693   5.74222257   5.7958882    5.84955383   5.90321946
   5.95688509   6.01055072   6.06421635   6.11788199   6.17154762
   6.22521325   6.27887888   6.33254451   6.38621014   6.43987578
   6.49354141   6.54720704   6.60087267   6.6545383    6.70820393
   6.76186956   6.8155352    6.86920083   6.92286646   6.97653209
   7.03019772   7.08386335   7.13752898   7.19119462   7.24486025
   7.29852588   7.35219151   7.40585714   7.45952277   7.5131884
   7.56685404   7.62051967   7.6741853    7.72785093   7.78151656
   7.83518219   7.88884782   7.94251346   7.99617909   8.04984472
   8.10351035   8.15717598   8.21084161   8.26450724   8.31817288
   8.37183851   8.42550414   8.47916977   8.5328354    8.58650103
   8.64016667   8.6938323    8.74749793   8.80116356   8.85482919
   8.90849482   8.96216045   9.01582609   9.06949172   9.12315735
   9.17682298   9.23048861   9.28415424   9.33781987   9.39148551
   9.44515114   9.49881677   9.5524824    9.60614803   9.65981366
   9.71347929   9.76714493   9.82081056   9.87447619   9.92814182
   9.98180745  10.03547308  10.08913871  10.14280435  10.19646998
  10.25013561  10.30380124  10.35746687  10.4111325   10.46479813
  10.51846377  10.5721294   10.62579503  10.67946066  10.73312629
  10.78679192  10.84045755  10.89412319  10.94778882  11.00145445
  11.05512008  11.10878571  11.16245134  11.21611698  11.26978261
  11.32344824  11.37711387  11.4307795   11.48444513  11.53811076
  11.5917764   11.64544203  11.69910766  11.75277329  11.80643892
  11.86010455  11.91377018  11.96743582  12.02110145  12.07476708
  12.12843271  12.18209834  12.23576397  12.2894296   12.34309524
  12.39676087  12.4504265   12.50409213  12.55775776  12.61142339
  12.66508902  12.71875466  12.77242029  12.82608592  12.87975155
  12.93341718  12.98708281  13.04074844  13.09441408  13.14807971
  13.20174534  13.25541097  13.3090766   13.36274223  13.41640786]
[  1.00000000e-04   0.00000000e+00   0.00000000e+00   0.00000000e+00
   0.00000000e+00   0.00000000e+00   0.00000000e+00   0.00000000e+00
   0.00000000e+00   0.00000000e+00   0.00000000e+00   0.00000000e+00
   0.00000000e+00   0.00000000e+00   0.00000000e+00   1.59251397e-03
   8.05113989e-02   4.95088184e-01   1.00277875e+00   1.34346653e+00
   1.42455883e+00   1.35319966e+00   1.30303107e+00   1.20860157e+00
   1.12919998e+00   1.06858813e+00   1.02307586e+00   9.89416482e-01
   9.68066706e-01   9.46455650e-01   9.42842637e-01   9.40457180e-01
   9.25631364e-01   9.16978385e-01   9.54868393e-01   9.68394268e-01
   9.78407169e-01   9.85735695e-01   9.94428633e-01   9.86991992e-01
   9.82892383e-01   9.79141812e-01   9.69849051e-01   9.76312178e-01
   9.81828737e-01   9.73213193e-01   9.76164694e-01   9.87578762e-01
   9.74984996e-01   9.78516151e-01   9.77861785e-01   9.75893661e-01
   9.77978273e-01   9.72747960e-01   9.80001957e-01   9.84454243e-01
   9.90285865e-01   9.95130530e-01   9.90211105e-01   9.83931603e-01
   9.80048216e-01   9.84748134e-01   9.80137665e-01   9.77240369e-01
   9.77228532e-01   9.82144512e-01   9.76662756e-01   9.77043673e-01
   9.83878283e-01   9.80883841e-01   9.87992733e-01   9.85043495e-01
   9.84555956e-01   9.81552192e-01   9.86759535e-01   9.87588051e-01
   9.86300123e-01   9.86756905e-01   9.89232650e-01   9.91607952e-01
   9.87440806e-01   9.89660885e-01   9.92765343e-01   9.85202895e-01
   9.86749082e-01   9.89602955e-01   9.89235895e-01   9.90910276e-01
   9.85736081e-01   9.94427522e-01   9.90492138e-01   9.92503399e-01
   9.86956651e-01   9.90511650e-01   9.87068565e-01   9.90669923e-01
   9.89534312e-01   9.87953791e-01   9.87128691e-01   9.88644602e-01
   9.87361172e-01   9.86825655e-01   9.90668585e-01   9.87274080e-01
   9.91027566e-01   9.88501429e-01   9.84615123e-01   9.86960757e-01
   9.92703116e-01   9.93739603e-01   9.96882665e-01   9.99497119e-01
   9.96654422e-01   9.95779428e-01   9.96971208e-01   9.94670155e-01
   9.89547317e-01   9.88235830e-01   9.84514817e-01   9.88771465e-01
   9.93120914e-01   9.93092882e-01   9.89738933e-01   9.86042807e-01
   9.88575634e-01   0.00000000e+00   0.00000000e+00   0.00000000e+00
   0.00000000e+00   0.00000000e+00   0.00000000e+00   0.00000000e+00
   0.00000000e+00   0.00000000e+00   0.00000000e+00   0.00000000e+00
   0.00000000e+00   0.00000000e+00   0.00000000e+00   0.00000000e+00
   0.00000000e+00   0.00000000e+00   0.00000000e+00   0.00000000e+00
   0.00000000e+00   0.00000000e+00   0.00000000e+00   0.00000000e+00
   0.00000000e+00   0.00000000e+00   0.00000000e+00   0.00000000e+00
   0.00000000e+00   0.00000000e+00   0.00000000e+00   0.00000000e+00
   0.00000000e+00   0.00000000e+00   0.00000000e+00   0.00000000e+00
   0.00000000e+00   0.00000000e+00   0.00000000e+00   0.00000000e+00
   0.00000000e+00   0.00000000e+00   0.00000000e+00   0.00000000e+00
   0.00000000e+00   0.00000000e+00   0.00000000e+00   0.00000000e+00
   0.00000000e+00   0.00000000e+00   0.00000000e+00   0.00000000e+00
   0.00000000e+00   0.00000000e+00   0.00000000e+00   0.00000000e+00
   0.00000000e+00   0.00000000e+00   0.00000000e+00   0.00000000e+00
   0.00000000e+00   0.00000000e+00   0.00000000e+00   0.00000000e+00
   0.00000000e+00   0.00000000e+00   0.00000000e+00   0.00000000e+00
   0.00000000e+00   0.00000000e+00   0.00000000e+00   0.00000000e+00
   0.00000000e+00   0.00000000e+00   0.00000000e+00   0.00000000e+00
   0.00000000e+00   0.00000000e+00   0.00000000e+00   0.00000000e+00
   0.00000000e+00   0.00000000e+00   0.00000000e+00   0.00000000e+00
   0.00000000e+00   0.00000000e+00   0.00000000e+00   0.00000000e+00
   0.00000000e+00   0.00000000e+00   0.00000000e+00   0.00000000e+00
   0.00000000e+00   0.00000000e+00   0.00000000e+00   0.00000000e+00
   0.00000000e+00   0.00000000e+00   0.00000000e+00   0.00000000e+00
   0.00000000e+00   0.00000000e+00   0.00000000e+00   0.00000000e+00
   0.00000000e+00   0.00000000e+00   0.00000000e+00   0.00000000e+00
   0.00000000e+00   0.00000000e+00   0.00000000e+00   0.00000000e+00
   0.00000000e+00   0.00000000e+00   0.00000000e+00   0.00000000e+00
   0.00000000e+00   0.00000000e+00   0.00000000e+00   0.00000000e+00
   0.00000000e+00   0.00000000e+00   0.00000000e+00   0.00000000e+00
   0.00000000e+00   0.00000000e+00]