[ 0.01788854  0.03577709  0.05366563  0.07155418  0.08944272  0.10733126
  0.12521981  0.14310835  0.16099689  0.17888544  0.19677398  0.21466253
  0.23255107  0.25043961  0.26832816  0.2862167   0.30410524  0.32199379
  0.33988233  0.35777088  0.37565942  0.39354796  0.41143651  0.42932505
  0.4472136   0.46510214  0.48299068  0.50087923  0.51876777  0.53665631
  0.55454486  0.5724334   0.59032195  0.60821049  0.62609903  0.64398758
  0.66187612  0.67976467  0.69765321  0.71554175  0.7334303   0.75131884
  0.76920738  0.78709593  0.80498447  0.82287302  0.84076156  0.8586501
  0.87653865  0.89442719  0.91231573  0.93020428  0.94809282  0.96598137
  0.98386991  1.00175845  1.019647    1.03753554  1.05542409  1.07331263
  1.09120117  1.10908972  1.12697826  1.1448668   1.16275535  1.18064389
  1.19853244  1.21642098  1.23430952  1.25219807  1.27008661  1.28797516
  1.3058637   1.32375224  1.34164079  1.35952933  1.37741787  1.39530642
  1.41319496  1.43108351  1.44897205  1.46686059  1.48474914  1.50263768
  1.52052622  1.53841477  1.55630331  1.57419186  1.5920804   1.60996894
  1.62785749  1.64574603  1.66363458  1.68152312  1.69941166  1.71730021
  1.73518875  1.75307729  1.77096584  1.78885438  1.80674293  1.82463147
  1.84252001  1.86040856  1.8782971   1.89618564  1.91407419  1.93196273
  1.94985128  1.96773982  1.98562836  2.00351691  2.02140545  2.039294
  2.05718254  2.07507108  2.09295963  2.11084817  2.12873671  2.14662526
  2.1645138   2.18240235  2.20029089  2.21817943  2.23606798  2.25395652
  2.27184507  2.28973361  2.30762215  2.3255107   2.34339924  2.36128778
  2.37917633  2.39706487  2.41495342  2.43284196  2.4507305   2.46861905
  2.48650759  2.50439613  2.52228468  2.54017322  2.55806177  2.57595031
  2.59383885  2.6117274   2.62961594  2.64750449  2.66539303  2.68328157
  2.70117012  2.71905866  2.7369472   2.75483575  2.77272429  2.79061284
  2.80850138  2.82638992  2.84427847  2.86216701  2.88005556  2.8979441
  2.91583264  2.93372119  2.95160973  2.96949827  2.98738682  3.00527536
  3.02316391  3.04105245  3.05894099  3.07682954  3.09471808  3.11260662
  3.13049517  3.14838371  3.16627226  3.1841608   3.20204934  3.21993789
  3.23782643  3.25571498  3.27360352  3.29149206  3.30938061  3.32726915
  3.34515769  3.36304624  3.38093478  3.39882333  3.41671187  3.43460041
  3.45248896  3.4703775   3.48826604  3.50615459  3.52404313  3.54193168
  3.55982022  3.57770876  3.59559731  3.61348585  3.6313744   3.64926294
  3.66715148  3.68504003  3.70292857  3.72081711  3.73870566  3.7565942
  3.77448275  3.79237129  3.81025983  3.82814838  3.84603692  3.86392547
  3.88181401  3.89970255  3.9175911   3.93547964  3.95336818  3.97125673
  3.98914527  4.00703382  4.02492236  4.0428109   4.06069945  4.07858799
  4.09647653  4.11436508  4.13225362  4.15014217  4.16803071  4.18591925
  4.2038078   4.22169634  4.23958489  4.25747343  4.27536197  4.29325052
  4.31113906  4.3290276   4.34691615  4.36480469  4.38269324  4.40058178
  4.41847032  4.43635887  4.45424741  4.47213595]
[  1.00000000e-04   0.00000000e+00   0.00000000e+00   0.00000000e+00
   0.00000000e+00   0.00000000e+00   0.00000000e+00   0.00000000e+00
   0.00000000e+00   0.00000000e+00   0.00000000e+00   0.00000000e+00
   0.00000000e+00   0.00000000e+00   0.00000000e+00   0.00000000e+00
   0.00000000e+00   0.00000000e+00   0.00000000e+00   0.00000000e+00
   0.00000000e+00   0.00000000e+00   0.00000000e+00   0.00000000e+00
   0.00000000e+00   0.00000000e+00   0.00000000e+00   0.00000000e+00
   0.00000000e+00   0.00000000e+00   0.00000000e+00   0.00000000e+00
   0.00000000e+00   0.00000000e+00   0.00000000e+00   0.00000000e+00
   0.00000000e+00   0.00000000e+00   0.00000000e+00   0.00000000e+00
   0.00000000e+00   0.00000000e+00   0.00000000e+00   0.00000000e+00
   0.00000000e+00   0.00000000e+00   0.00000000e+00   0.00000000e+00
   0.00000000e+00   0.00000000e+00   0.00000000e+00   1.10561909e-01
   2.12858243e-01   5.89511852e-01   4.20025606e-01   3.57492907e-01
   3.45059328e-01   4.22133519e-01   2.79120384e-01   3.52938182e-01
   4.82062996e-01   4.27751485e-01   4.14279846e-01   4.37928811e-01
   3.71488014e-01   4.11789809e-01   3.66290200e-01   3.87923099e-01
   4.08157133e-01   4.72843952e-01   8.45104438e-01   7.35287880e-01
   6.59180516e-01   6.41485203e-01   6.64354226e-01   6.85805414e-01
   8.57195113e-01   9.33633897e-01   8.50269088e-01   8.75857622e-01
   7.51841202e-01   8.78115435e-01   7.81139386e-01   9.53314418e-01
   1.25169853e+00   1.20254762e+00   1.25405747e+00   1.27397472e+00
   2.13245880e+00   2.26987694e+00   2.44590019e+00   2.62260581e+00
   3.18005145e+00   2.65598835e+00   2.20285875e+00   2.01122861e+00
   1.93819997e+00   1.87550020e+00   1.91406004e+00   1.43500513e+00
   1.34078940e+00   1.29307700e+00   1.23286585e+00   1.08488873e+00
   1.10499733e+00   1.01772847e+00   9.07401451e-01   9.99607053e-01
   9.24733441e-01   9.14173377e-01   7.52190687e-01   8.46066546e-01
   8.07745270e-01   6.84367667e-01   7.29031433e-01   8.83147757e-01
   8.02597561e-01   7.35374857e-01   7.65290467e-01   6.85115295e-01
   7.09571696e-01   6.87944068e-01   7.06444485e-01   8.84667844e-01
   9.37536684e-01   0.00000000e+00   0.00000000e+00   0.00000000e+00
   0.00000000e+00   0.00000000e+00   0.00000000e+00   0.00000000e+00
   0.00000000e+00   0.00000000e+00   0.00000000e+00   0.00000000e+00
   0.00000000e+00   0.00000000e+00   0.00000000e+00   0.00000000e+00
   0.00000000e+00   0.00000000e+00   0.00000000e+00   0.00000000e+00
   0.00000000e+00   0.00000000e+00   0.00000000e+00   0.00000000e+00
   0.00000000e+00   0.00000000e+00   0.00000000e+00   0.00000000e+00
   0.00000000e+00   0.00000000e+00   0.00000000e+00   0.00000000e+00
   0.00000000e+00   0.00000000e+00   0.00000000e+00   0.00000000e+00
   0.00000000e+00   0.00000000e+00   0.00000000e+00   0.00000000e+00
   0.00000000e+00   0.00000000e+00   0.00000000e+00   0.00000000e+00
   0.00000000e+00   0.00000000e+00   0.00000000e+00   0.00000000e+00
   0.00000000e+00   0.00000000e+00   0.00000000e+00   0.00000000e+00
   0.00000000e+00   0.00000000e+00   0.00000000e+00   0.00000000e+00
   0.00000000e+00   0.00000000e+00   0.00000000e+00   0.00000000e+00
   0.00000000e+00   0.00000000e+00   0.00000000e+00   0.00000000e+00
   0.00000000e+00   0.00000000e+00   0.00000000e+00   0.00000000e+00
   0.00000000e+00   0.00000000e+00   0.00000000e+00   0.00000000e+00
   0.00000000e+00   0.00000000e+00   0.00000000e+00   0.00000000e+00
   0.00000000e+00   0.00000000e+00   0.00000000e+00   0.00000000e+00
   0.00000000e+00   0.00000000e+00   0.00000000e+00   0.00000000e+00
   0.00000000e+00   0.00000000e+00   0.00000000e+00   0.00000000e+00
   0.00000000e+00   0.00000000e+00   0.00000000e+00   0.00000000e+00
   0.00000000e+00   0.00000000e+00   0.00000000e+00   0.00000000e+00
   0.00000000e+00   0.00000000e+00   0.00000000e+00   0.00000000e+00
   0.00000000e+00   0.00000000e+00   0.00000000e+00   0.00000000e+00
   0.00000000e+00   0.00000000e+00   0.00000000e+00   0.00000000e+00
   0.00000000e+00   0.00000000e+00   0.00000000e+00   0.00000000e+00
   0.00000000e+00   0.00000000e+00   0.00000000e+00   0.00000000e+00
   0.00000000e+00   0.00000000e+00   0.00000000e+00   0.00000000e+00
   0.00000000e+00   0.00000000e+00   0.00000000e+00   0.00000000e+00
   0.00000000e+00   0.00000000e+00]