1.000000000000000048e-04
0.000000000000000000e+00
0.000000000000000000e+00
0.000000000000000000e+00
0.000000000000000000e+00
0.000000000000000000e+00
0.000000000000000000e+00
0.000000000000000000e+00
0.000000000000000000e+00
0.000000000000000000e+00
0.000000000000000000e+00
0.000000000000000000e+00
0.000000000000000000e+00
0.000000000000000000e+00
0.000000000000000000e+00
0.000000000000000000e+00
0.000000000000000000e+00
0.000000000000000000e+00
0.000000000000000000e+00
0.000000000000000000e+00
0.000000000000000000e+00
0.000000000000000000e+00
0.000000000000000000e+00
0.000000000000000000e+00
0.000000000000000000e+00
0.000000000000000000e+00
0.000000000000000000e+00
0.000000000000000000e+00
0.000000000000000000e+00
0.000000000000000000e+00
0.000000000000000000e+00
0.000000000000000000e+00
0.000000000000000000e+00
0.000000000000000000e+00
0.000000000000000000e+00
0.000000000000000000e+00
0.000000000000000000e+00
0.000000000000000000e+00
0.000000000000000000e+00
0.000000000000000000e+00
0.000000000000000000e+00
0.000000000000000000e+00
0.000000000000000000e+00
0.000000000000000000e+00
0.000000000000000000e+00
0.000000000000000000e+00
0.000000000000000000e+00
0.000000000000000000e+00
0.000000000000000000e+00
0.000000000000000000e+00
1.149401774843979568e-01
1.105619088893931290e-01
4.789310456981614728e-01
3.588333010045324234e-01
3.459034399104847779e-01
6.673200929395516345e-01
5.981028349153508783e-01
4.443510725875728928e-01
4.723575722502311169e-01
4.982656693948649962e-01
4.619770382725839064e-01
5.055244824765798839e-01
4.519416502447756168e-01
5.474110137394757603e-01
6.191466897806016112e-01
5.318951704972734174e-01
5.660848549596371182e-01
8.243365853959163658e-01
7.064258072706027791e-01
8.541697189626262787e-01
9.192364065408140661e-01
8.794619743370016840e-01
8.415070415751148003e-01
7.370255518806443362e-01
7.706509019973910579e-01
7.634437628366614881e-01
7.941660610189706926e-01
7.862180187690179789e-01
8.742203300550832612e-01
9.342481301153726658e-01
1.002454936139646424e+00
1.000384672342456538e+00
1.377843083462358509e+00
1.112200154899252391e+00
1.096529293201155664e+00
1.101493198297193832e+00
1.362676622601889598e+00
1.360836635808548190e+00
1.264378229369623963e+00
1.171847037280516535e+00
1.489201221775499739e+00
1.642440001904151181e+00
2.410962916426768299e+00
2.072347595095212380e+00
2.790839843535781295e+00
2.278851775715447392e+00
1.969973738068761415e+00
1.789896459196465228e+00
1.662410712091835441e+00
1.494797008184595155e+00
1.516630627851246249e+00
1.336179563256125968e+00
1.338540067655165977e+00
1.202360759172149907e+00
1.118555584355819477e+00
1.164068513849698006e+00
1.011850538337899952e+00
9.803838402445260725e-01
8.744078113696607257e-01
8.709354469174709346e-01
8.856438730417616201e-01
9.235233429074152234e-01
7.316533245480241199e-01
7.073716220633474716e-01
6.725173685216139230e-01
5.943195595858785651e-01
6.333422928972642918e-01
6.816978599520381321e-01
6.016766433622054988e-01
6.280223541331112491e-01
7.146765287406711131e-01
7.130515155946401951e-01
7.607863681024111813e-01
6.367664154272306698e-01
6.074855041262193778e-01
0.000000000000000000e+00
0.000000000000000000e+00
0.000000000000000000e+00
0.000000000000000000e+00
0.000000000000000000e+00
0.000000000000000000e+00
0.000000000000000000e+00
0.000000000000000000e+00
0.000000000000000000e+00
0.000000000000000000e+00
0.000000000000000000e+00
0.000000000000000000e+00
0.000000000000000000e+00
0.000000000000000000e+00
0.000000000000000000e+00
0.000000000000000000e+00
0.000000000000000000e+00
0.000000000000000000e+00
0.000000000000000000e+00
0.000000000000000000e+00
0.000000000000000000e+00
0.000000000000000000e+00
0.000000000000000000e+00
0.000000000000000000e+00
0.000000000000000000e+00
0.000000000000000000e+00
0.000000000000000000e+00
0.000000000000000000e+00
0.000000000000000000e+00
0.000000000000000000e+00
0.000000000000000000e+00
0.000000000000000000e+00
0.000000000000000000e+00
0.000000000000000000e+00
0.000000000000000000e+00
0.000000000000000000e+00
0.000000000000000000e+00
0.000000000000000000e+00
0.000000000000000000e+00
0.000000000000000000e+00
0.000000000000000000e+00
0.000000000000000000e+00
0.000000000000000000e+00
0.000000000000000000e+00
0.000000000000000000e+00
0.000000000000000000e+00
0.000000000000000000e+00
0.000000000000000000e+00
0.000000000000000000e+00
0.000000000000000000e+00
0.000000000000000000e+00
0.000000000000000000e+00
0.000000000000000000e+00
0.000000000000000000e+00
0.000000000000000000e+00
0.000000000000000000e+00
0.000000000000000000e+00
0.000000000000000000e+00
0.000000000000000000e+00
0.000000000000000000e+00
0.000000000000000000e+00
0.000000000000000000e+00
0.000000000000000000e+00
0.000000000000000000e+00
0.000000000000000000e+00
0.000000000000000000e+00
0.000000000000000000e+00
0.000000000000000000e+00
0.000000000000000000e+00
0.000000000000000000e+00
0.000000000000000000e+00
0.000000000000000000e+00
0.000000000000000000e+00
0.000000000000000000e+00
0.000000000000000000e+00
0.000000000000000000e+00
0.000000000000000000e+00
0.000000000000000000e+00
0.000000000000000000e+00
0.000000000000000000e+00
0.000000000000000000e+00
0.000000000000000000e+00
0.000000000000000000e+00
0.000000000000000000e+00
0.000000000000000000e+00
0.000000000000000000e+00
0.000000000000000000e+00
0.000000000000000000e+00
0.000000000000000000e+00
0.000000000000000000e+00
0.000000000000000000e+00
0.000000000000000000e+00
0.000000000000000000e+00
0.000000000000000000e+00
0.000000000000000000e+00
0.000000000000000000e+00
0.000000000000000000e+00
0.000000000000000000e+00
0.000000000000000000e+00
0.000000000000000000e+00
0.000000000000000000e+00
0.000000000000000000e+00
0.000000000000000000e+00
0.000000000000000000e+00
0.000000000000000000e+00
0.000000000000000000e+00
0.000000000000000000e+00
0.000000000000000000e+00
0.000000000000000000e+00
0.000000000000000000e+00
0.000000000000000000e+00
0.000000000000000000e+00
0.000000000000000000e+00
0.000000000000000000e+00
0.000000000000000000e+00
0.000000000000000000e+00
0.000000000000000000e+00
0.000000000000000000e+00
0.000000000000000000e+00
0.000000000000000000e+00
0.000000000000000000e+00
0.000000000000000000e+00
0.000000000000000000e+00
0.000000000000000000e+00
0.000000000000000000e+00
