1.788854381999831905e-02
3.577708763999663810e-02
5.366563145999495715e-02
7.155417527999327620e-02
8.944271909999160219e-02
1.073312629199899143e-01
1.252198067399882264e-01
1.431083505599865524e-01
1.609968943799848784e-01
1.788854381999832044e-01
1.967739820199815026e-01
2.146625258399798286e-01
2.325510696599781546e-01
2.504396134799764528e-01
2.683281572999747788e-01
2.862167011199731048e-01
3.041052449399714308e-01
3.219937887599697568e-01
3.398823325799680828e-01
3.577708763999664088e-01
3.756594202199646793e-01
3.935479640399630052e-01
4.114365078599613312e-01
4.293250516799596572e-01
4.472135954999579832e-01
4.651021393199563092e-01
4.829906831399546352e-01
5.008792269599529057e-01
5.187677707799512872e-01
5.366563145999495577e-01
5.545448584199479392e-01
5.724334022399462096e-01
5.903219460599444801e-01
6.082104898799428616e-01
6.260990336999411321e-01
6.439875775199395136e-01
6.618761213399377841e-01
6.797646651599361656e-01
6.976532089799344361e-01
7.155417527999328176e-01
7.334302966199310880e-01
7.513188404399293585e-01
7.692073842599277400e-01
7.870959280799260105e-01
8.049844718999243920e-01
8.228730157199226625e-01
8.407615595399210440e-01
8.586501033599193144e-01
8.765386471799175849e-01
8.944271909999159664e-01
9.123157348199142369e-01
9.302042786399126184e-01
9.480928224599108889e-01
9.659813662799092704e-01
9.838699100999075409e-01
1.001758453919905811e+00
1.019646997739904082e+00
1.037535541559902574e+00
1.055424085379900845e+00
1.073312629199899115e+00
1.091201173019897386e+00
1.109089716839895878e+00
1.126978260659894149e+00
1.144866804479892419e+00
1.162755348299890690e+00
1.180643892119888960e+00
1.198532435939887453e+00
1.216420979759885723e+00
1.234309523579883994e+00
1.252198067399882264e+00
1.270086611219880757e+00
1.287975155039879027e+00
1.305863698859877298e+00
1.323752242679875568e+00
1.341640786499873839e+00
1.359529330319872331e+00
1.377417874139870602e+00
1.395306417959868872e+00
1.413194961779867143e+00
1.431083505599865635e+00
1.448972049419863906e+00
1.466860593239862176e+00
1.484749137059860447e+00
1.502637680879858717e+00
1.520526224699857210e+00
1.538414768519855480e+00
1.556303312339853751e+00
1.574191856159852021e+00
1.592080399979850291e+00
1.609968943799848784e+00
1.627857487619847054e+00
1.645746031439845325e+00
1.663634575259843595e+00
1.681523119079842088e+00
1.699411662899840358e+00
1.717300206719838629e+00
1.735188750539836899e+00
1.753077294359835170e+00
1.770965838179833662e+00
1.788854381999831933e+00
1.806742925819830203e+00
1.824631469639828474e+00
1.842520013459826966e+00
1.860408557279825237e+00
1.878297101099823507e+00
1.896185644919821778e+00
1.914074188739820048e+00
1.931962732559818541e+00
1.949851276379816811e+00
1.967739820199815082e+00
1.985628364019813352e+00
2.003516907839811623e+00
2.021405451659810115e+00
2.039293995479808164e+00
2.057182539299806656e+00
2.075071083119805149e+00
2.092959626939803197e+00
2.110848170759801690e+00
2.128736714579800182e+00
2.146625258399798231e+00
2.164513802219796723e+00
2.182402346039794772e+00
2.200290889859793264e+00
2.218179433679791757e+00
2.236067977499789805e+00
2.253956521319788298e+00
2.271845065139786346e+00
2.289733608959784839e+00
2.307622152779783331e+00
2.325510696599781379e+00
2.343399240419779872e+00
2.361287784239777920e+00
2.379176328059776413e+00
2.397064871879774905e+00
2.414953415699772954e+00
2.432841959519771446e+00
2.450730503339769495e+00
2.468619047159767987e+00
2.486507590979766480e+00
2.504396134799764528e+00
2.522284678619763021e+00
2.540173222439761513e+00
2.558061766259759562e+00
2.575950310079758054e+00
2.593838853899756103e+00
2.611727397719754595e+00
2.629615941539753088e+00
2.647504485359751136e+00
2.665393029179749629e+00
2.683281572999747677e+00
2.701170116819746170e+00
2.719058660639744662e+00
2.736947204459742711e+00
2.754835748279741203e+00
2.772724292099739252e+00
2.790612835919737744e+00
2.808501379739736237e+00
2.826389923559734285e+00
2.844278467379732778e+00
2.862167011199731270e+00
2.880055555019729319e+00
2.897944098839727811e+00
2.915832642659725860e+00
2.933721186479724352e+00
2.951609730299722845e+00
2.969498274119720893e+00
2.987386817939719386e+00
3.005275361759717434e+00
3.023163905579715927e+00
3.041052449399714419e+00
3.058940993219712468e+00
3.076829537039710960e+00
3.094718080859709008e+00
3.112606624679707501e+00
3.130495168499705994e+00
3.148383712319704042e+00
3.166272256139702534e+00
3.184160799959700583e+00
3.202049343779699075e+00
3.219937887599697568e+00
3.237826431419695616e+00
3.255714975239694109e+00
3.273603519059692601e+00
3.291492062879690650e+00
3.309380606699689142e+00
3.327269150519687191e+00
3.345157694339685683e+00
3.363046238159684176e+00
3.380934781979682224e+00
3.398823325799680717e+00
3.416711869619678765e+00
3.434600413439677258e+00
3.452488957259675750e+00
3.470377501079673799e+00
3.488266044899672291e+00
3.506154588719670340e+00
3.524043132539668832e+00
3.541931676359667325e+00
3.559820220179665373e+00
3.577708763999663866e+00
3.595597307819661914e+00
3.613485851639660407e+00
3.631374395459658899e+00
3.649262939279656948e+00
3.667151483099655440e+00
3.685040026919653933e+00
3.702928570739651981e+00
3.720817114559650474e+00
3.738705658379648522e+00
3.756594202199647015e+00
3.774482746019645507e+00
3.792371289839643556e+00
3.810259833659642048e+00
3.828148377479640097e+00
3.846036921299638589e+00
3.863925465119637082e+00
3.881814008939635130e+00
3.899702552759633623e+00
3.917591096579631671e+00
3.935479640399630163e+00
3.953368184219628656e+00
3.971256728039626704e+00
3.989145271859625197e+00
4.007033815679623245e+00
4.024922359499622182e+00
4.042810903319620230e+00
4.060699447139618279e+00
4.078587990959616327e+00
4.096476534779615264e+00
4.114365078599613312e+00
4.132253622419611361e+00
4.150142166239610297e+00
4.168030710059608346e+00
4.185919253879606394e+00
4.203807797699605331e+00
4.221696341519603379e+00
4.239584885339601428e+00
4.257473429159600364e+00
4.275361972979598413e+00
4.293250516799596461e+00
4.311139060619594510e+00
4.329027604439593446e+00
4.346916148259591495e+00
4.364804692079589543e+00
4.382693235899588480e+00
4.400581779719586528e+00
4.418470323539584577e+00
4.436358867359583513e+00
4.454247411179581562e+00
4.472135954999579610e+00
