5.503300239966005591e+00
5.506696544451869180e+00
5.517877997602933959e+00
5.518691314039180895e+00
5.507203539150339111e+00
5.506036921444851906e+00
5.512683531371161294e+00
5.510182525975817924e+00
5.523417629093890113e+00
5.502586019119292793e+00
5.501099603681939954e+00
5.516104556476431497e+00
5.502598376111108358e+00
5.518659650947042472e+00
5.518871616343639985e+00
5.493419683028151645e+00
5.510805908566737799e+00
5.515280800618308277e+00
5.520289290254671855e+00
5.502807676751543475e+00
5.508541540334491948e+00
5.520415292783708239e+00
5.509909601853402172e+00
5.496814057597623204e+00
5.513017208977957218e+00
5.497366873849747648e+00
5.522214834714643139e+00
5.506053037201881217e+00
5.509184877921581958e+00
5.505021520584907790e+00
5.505734963726369280e+00
5.516159362698797253e+00
5.491905896589473812e+00
5.510065546287389537e+00
5.514330335338228473e+00
5.510241566320579487e+00
5.502139065655138772e+00
5.526821744784654378e+00
5.508138652319580331e+00
5.497439928225372086e+00
5.524431389110231017e+00
5.487364423176095407e+00
5.503398755281364352e+00
5.515029252961333839e+00
5.518326916595296616e+00
5.499919980885586313e+00
5.502100281085719580e+00
5.526636813219113264e+00
5.503966193819151975e+00
5.504884101784202954e+00
5.515717721753877534e+00
5.504968616722066166e+00
5.501252939213275184e+00
5.521213105050976289e+00
5.512357680237760071e+00
5.504566199453131858e+00
5.499071687810457298e+00
5.505318434400652272e+00
5.522944819985649900e+00
5.505710351427637761e+00
5.505661431810741746e+00
5.514607078694965914e+00
5.503065627155629969e+00
5.511359223564102905e+00
5.510443235181197608e+00
5.513959692814993652e+00
5.498031498912726356e+00
5.524157659136732512e+00
5.504963130405173821e+00
5.512707646080175827e+00
5.493146461784411905e+00
5.507570908253101472e+00
5.520477920730749055e+00
5.509401437192791740e+00
5.517694977795589040e+00
5.499707960427757669e+00
5.511706796811069786e+00
5.499528763858093861e+00
5.507948395724689306e+00
5.521087570307976478e+00
