2.670141542251122324e+00
2.659641387535875978e+00
2.670580999204922090e+00
2.662695043056957811e+00
2.679788343416932062e+00
2.663469576720240539e+00
2.677187741387489162e+00
2.667545446923242469e+00
2.665464507204221345e+00
2.674321080980427201e+00
2.667915970533657699e+00
2.661970826481034891e+00
2.660175888799997335e+00
2.669563427550629253e+00
2.660513863707779425e+00
2.668821434300129081e+00
2.668206167288583952e+00
2.670640932295900161e+00
2.652875202272028776e+00
2.672362237346969760e+00
2.669902468762434200e+00
2.671341124481966034e+00
2.681122909032769730e+00
2.659147694927205485e+00
2.659708028713493988e+00
2.660060728268266672e+00
2.659521061919720264e+00
2.654976588950631822e+00
2.667950489407481918e+00
2.671247112881629970e+00
2.672662531252166573e+00
2.663389389654249761e+00
2.661681024921732419e+00
2.672404137359132292e+00
2.668507664105445709e+00
2.668160545280835905e+00
2.672895141092063387e+00
2.660269239372631045e+00
2.654536858125577936e+00
2.667963184095192286e+00
2.663092113836826424e+00
2.666865193748677143e+00
2.661681135371432472e+00
2.662801410016669035e+00
2.669265179604697558e+00
2.667585036702611045e+00
2.661672381795513687e+00
2.663887725528696127e+00
2.669444890591431196e+00
2.659632010683504966e+00
2.668109188102111506e+00
2.659269151508508511e+00
2.660744183230702387e+00
2.676442578719888221e+00
2.672470606231759138e+00
2.661471619406773570e+00
2.658276054018443801e+00
2.664620579604184414e+00
2.664767458669124789e+00
2.662442437540902151e+00
2.677376403099389623e+00
2.664168124683180761e+00
2.656823004348103368e+00
2.664594890983346342e+00
2.662054489455543571e+00
2.666855469233932574e+00
2.666980081989460682e+00
2.669556294834692256e+00
2.669155145242918969e+00
2.667839852806860534e+00
2.661202634647787502e+00
2.658856262931448722e+00
2.663283069486296117e+00
2.659171310410865630e+00
2.667950185187002443e+00
2.669392617604385620e+00
2.674747761619563402e+00
2.667342111703124630e+00
2.673118742699520656e+00
2.662424064522172618e+00
