1.000000000000000048e-04
0.000000000000000000e+00
0.000000000000000000e+00
0.000000000000000000e+00
0.000000000000000000e+00
0.000000000000000000e+00
0.000000000000000000e+00
0.000000000000000000e+00
0.000000000000000000e+00
0.000000000000000000e+00
0.000000000000000000e+00
0.000000000000000000e+00
0.000000000000000000e+00
0.000000000000000000e+00
0.000000000000000000e+00
1.398304945614934833e-03
9.042049419948765265e-02
4.877533168868719016e-01
1.053047143136808472e+00
1.332727551009918576e+00
1.368708371699283610e+00
1.314411784984359288e+00
1.235926526818040161e+00
1.171969437689535321e+00
1.129438622084548927e+00
1.066749467622736924e+00
1.034642507858439586e+00
9.998165729503030175e-01
9.770170400396956945e-01
9.447542060600769842e-01
9.401834487838202081e-01
9.344852530642598909e-01
9.278684233425589234e-01
9.290206883576523911e-01
9.281467541849629521e-01
9.566170492683728765e-01
9.642436714168552969e-01
9.813492614809502523e-01
9.855703525391578124e-01
9.880112011282771167e-01
9.805795278238259582e-01
9.903705280518833032e-01
9.869665015472510738e-01
9.815407343863654654e-01
9.861154909172328287e-01
9.785044896971449857e-01
9.824395878685928674e-01
9.692152205753690186e-01
9.763226685588687337e-01
9.759069763439434109e-01
9.855382759241034796e-01
9.773498843673913417e-01
9.751923936111822622e-01
9.693891295580887579e-01
9.697757638055625184e-01
9.680804409760184193e-01
9.718036221381149975e-01
9.789738171547628376e-01
9.859777607159347923e-01
9.862130845463608075e-01
9.849384626495608641e-01
9.880798795813813262e-01
9.853862506768039653e-01
9.811633910751685894e-01
9.944490301938633259e-01
9.909694842328896636e-01
9.895213054015159493e-01
9.820885383351775078e-01
9.850938088088767586e-01
9.780834262599821249e-01
9.836571219633641894e-01
9.858088228860899527e-01
9.811581103682766036e-01
9.809184664050323299e-01
9.826707672591465936e-01
9.870096205590452865e-01
9.811564697788333067e-01
9.831580236914952975e-01
9.891243085251030243e-01
9.909585172192013625e-01
9.894852786723262739e-01
9.860023150383876445e-01
9.837254024464974211e-01
9.851733009020449128e-01
9.827221355196079644e-01
9.906193536953060708e-01
9.913207588908961032e-01
9.816973856291245637e-01
9.844493630741566470e-01
9.852230309376788231e-01
9.838915552441992451e-01
9.836689077109430634e-01
9.860392140988999410e-01
9.939934508546630632e-01
1.000263399542973053e+00
9.995981428504588928e-01
9.887596718351757685e-01
9.936699585686080693e-01
9.932250592207220175e-01
9.931251441222670451e-01
9.864643949150223579e-01
9.881445744155836763e-01
9.934907065776055202e-01
9.888397037035485670e-01
9.901743637299591505e-01
9.889748871663478491e-01
9.898799936674277378e-01
9.896222462044685919e-01
9.948222090542662155e-01
9.877283043921732952e-01
9.890979873025311786e-01
9.879262247733060498e-01
9.917804007888167961e-01
9.926829866801679669e-01
9.949885225320143078e-01
9.907625125160502977e-01
9.901967067790731214e-01
9.928248086618288726e-01
9.917851378450561750e-01
9.881437811527494786e-01
9.883763400851852676e-01
9.893183066453563601e-01
9.909121203517938792e-01
9.926674967783717385e-01
9.963541571343144110e-01
0.000000000000000000e+00
0.000000000000000000e+00
0.000000000000000000e+00
0.000000000000000000e+00
0.000000000000000000e+00
0.000000000000000000e+00
0.000000000000000000e+00
0.000000000000000000e+00
0.000000000000000000e+00
0.000000000000000000e+00
0.000000000000000000e+00
0.000000000000000000e+00
0.000000000000000000e+00
0.000000000000000000e+00
0.000000000000000000e+00
0.000000000000000000e+00
0.000000000000000000e+00
0.000000000000000000e+00
0.000000000000000000e+00
0.000000000000000000e+00
0.000000000000000000e+00
0.000000000000000000e+00
0.000000000000000000e+00
0.000000000000000000e+00
0.000000000000000000e+00
0.000000000000000000e+00
0.000000000000000000e+00
0.000000000000000000e+00
0.000000000000000000e+00
0.000000000000000000e+00
0.000000000000000000e+00
0.000000000000000000e+00
0.000000000000000000e+00
0.000000000000000000e+00
0.000000000000000000e+00
0.000000000000000000e+00
0.000000000000000000e+00
0.000000000000000000e+00
0.000000000000000000e+00
0.000000000000000000e+00
0.000000000000000000e+00
0.000000000000000000e+00
0.000000000000000000e+00
0.000000000000000000e+00
0.000000000000000000e+00
0.000000000000000000e+00
0.000000000000000000e+00
0.000000000000000000e+00
0.000000000000000000e+00
0.000000000000000000e+00
0.000000000000000000e+00
0.000000000000000000e+00
0.000000000000000000e+00
0.000000000000000000e+00
0.000000000000000000e+00
0.000000000000000000e+00
0.000000000000000000e+00
0.000000000000000000e+00
0.000000000000000000e+00
0.000000000000000000e+00
0.000000000000000000e+00
0.000000000000000000e+00
0.000000000000000000e+00
0.000000000000000000e+00
0.000000000000000000e+00
0.000000000000000000e+00
0.000000000000000000e+00
0.000000000000000000e+00
0.000000000000000000e+00
0.000000000000000000e+00
0.000000000000000000e+00
0.000000000000000000e+00
0.000000000000000000e+00
0.000000000000000000e+00
0.000000000000000000e+00
0.000000000000000000e+00
0.000000000000000000e+00
0.000000000000000000e+00
0.000000000000000000e+00
0.000000000000000000e+00
0.000000000000000000e+00
0.000000000000000000e+00
0.000000000000000000e+00
0.000000000000000000e+00
0.000000000000000000e+00
0.000000000000000000e+00
0.000000000000000000e+00
0.000000000000000000e+00
0.000000000000000000e+00
0.000000000000000000e+00
0.000000000000000000e+00
0.000000000000000000e+00
0.000000000000000000e+00
0.000000000000000000e+00
0.000000000000000000e+00
0.000000000000000000e+00
0.000000000000000000e+00
0.000000000000000000e+00
0.000000000000000000e+00
0.000000000000000000e+00
0.000000000000000000e+00
0.000000000000000000e+00
0.000000000000000000e+00
0.000000000000000000e+00
0.000000000000000000e+00
0.000000000000000000e+00
0.000000000000000000e+00
0.000000000000000000e+00
0.000000000000000000e+00
0.000000000000000000e+00
0.000000000000000000e+00
0.000000000000000000e+00
0.000000000000000000e+00
0.000000000000000000e+00
0.000000000000000000e+00
0.000000000000000000e+00
0.000000000000000000e+00
0.000000000000000000e+00
0.000000000000000000e+00
0.000000000000000000e+00
0.000000000000000000e+00
0.000000000000000000e+00
0.000000000000000000e+00
0.000000000000000000e+00
0.000000000000000000e+00
