1.000000000000000048e-04
0.000000000000000000e+00
0.000000000000000000e+00
0.000000000000000000e+00
0.000000000000000000e+00
0.000000000000000000e+00
0.000000000000000000e+00
0.000000000000000000e+00
0.000000000000000000e+00
0.000000000000000000e+00
0.000000000000000000e+00
0.000000000000000000e+00
0.000000000000000000e+00
0.000000000000000000e+00
0.000000000000000000e+00
0.000000000000000000e+00
0.000000000000000000e+00
5.257933493716956258e-02
2.274858374212706646e+00
6.473076757061186903e+00
3.344212742312595132e+00
4.943810499361290245e-01
2.440763163209062545e-02
6.128373527077805990e-04
4.756971278095525370e-03
7.974291320357618229e-02
5.345518831386498748e-01
1.266987940348172303e+00
1.015534808297184455e+00
2.854530789421564352e-01
2.765504113505703673e-02
6.698754630086552198e-02
8.686708032554126824e-01
3.141673489527688101e+00
3.308840256497428189e+00
1.104655152694457465e+00
1.330642466224007114e-01
1.904776247553887358e-01
9.531166845662449871e-01
1.359456926881427830e+00
6.363116559019771357e-01
2.000636515133439319e-01
7.076382621138649354e-01
1.828117434949419140e+00
1.800120013397612517e+00
6.804896100760761124e-01
2.185027136021483185e-01
4.767248819445804586e-01
5.780504252162025347e-01
3.304484190979055103e-01
8.909211346120040620e-01
2.616559512995985326e+00
2.718359239815028694e+00
1.067353594014933238e+00
3.149156337918448956e-01
3.138481182014911663e-01
3.006149528824118011e-01
6.302832293055651292e-01
1.500040523518970215e+00
1.545314096084878352e+00
8.597307747294629099e-01
8.933818637593800016e-01
9.951255712576663193e-01
6.672730621376496973e-01
8.109478817353480418e-01
9.604518818365208599e-01
6.621394263853507267e-01
7.841490921141033299e-01
9.623982514531220778e-01
1.237649917209413752e+00
2.181803231917664565e+00
2.020483512431280992e+00
7.659486554379405510e-01
1.686355083474212480e-01
3.626452570744945758e-01
1.056736791735995773e+00
1.297868910620181282e+00
7.940337301516041668e-01
4.850420598317748966e-01
5.845897370312759245e-01
1.075268631327032320e+00
1.240986812600805234e+00
9.605824756712481038e-01
8.780058570127237116e-01
1.109966616827902763e+00
1.521332589184015482e+00
1.042256737873101136e+00
6.780931528689637666e-01
3.667844746771982134e-01
7.947018529913493223e-01
1.027217113431915241e+00
7.612435563093477020e-01
4.299567204519468833e-01
5.753715734448957564e-01
4.023746817817930865e-01
1.383261838590061077e-01
3.289825917880125350e-01
7.896218774446496225e-01
1.112588677366850520e+00
8.390314419404099056e-01
4.747776000160549015e-01
5.815651158942514165e-01
7.136323048734051211e-01
6.615696948132459010e-01
2.711178074269420257e-01
2.222066461259943754e-02
8.675268928219979914e-03
8.767442339844236376e-02
3.332391271220007667e-01
3.493817834184589910e-01
9.286190443757996738e-02
1.048306601850918507e-01
2.950595362474753292e-01
4.177525567995470368e-01
3.894544484494508740e-01
3.968514690081546559e-01
3.199326618674383504e-01
1.074568049189012914e-01
9.764973811921252161e-03
5.057668988289220485e-02
1.021433169303778560e-01
1.721540572417270751e-02
8.215597391998796177e-07
0.000000000000000000e+00
1.702327514234859467e-05
0.000000000000000000e+00
0.000000000000000000e+00
0.000000000000000000e+00
0.000000000000000000e+00
0.000000000000000000e+00
0.000000000000000000e+00
0.000000000000000000e+00
0.000000000000000000e+00
0.000000000000000000e+00
0.000000000000000000e+00
0.000000000000000000e+00
0.000000000000000000e+00
0.000000000000000000e+00
0.000000000000000000e+00
0.000000000000000000e+00
0.000000000000000000e+00
0.000000000000000000e+00
0.000000000000000000e+00
0.000000000000000000e+00
0.000000000000000000e+00
0.000000000000000000e+00
0.000000000000000000e+00
0.000000000000000000e+00
0.000000000000000000e+00
0.000000000000000000e+00
0.000000000000000000e+00
0.000000000000000000e+00
0.000000000000000000e+00
0.000000000000000000e+00
0.000000000000000000e+00
0.000000000000000000e+00
0.000000000000000000e+00
0.000000000000000000e+00
0.000000000000000000e+00
0.000000000000000000e+00
0.000000000000000000e+00
0.000000000000000000e+00
0.000000000000000000e+00
0.000000000000000000e+00
0.000000000000000000e+00
0.000000000000000000e+00
0.000000000000000000e+00
0.000000000000000000e+00
0.000000000000000000e+00
0.000000000000000000e+00
0.000000000000000000e+00
0.000000000000000000e+00
0.000000000000000000e+00
0.000000000000000000e+00
0.000000000000000000e+00
0.000000000000000000e+00
0.000000000000000000e+00
0.000000000000000000e+00
0.000000000000000000e+00
0.000000000000000000e+00
0.000000000000000000e+00
0.000000000000000000e+00
0.000000000000000000e+00
0.000000000000000000e+00
0.000000000000000000e+00
0.000000000000000000e+00
0.000000000000000000e+00
0.000000000000000000e+00
0.000000000000000000e+00
0.000000000000000000e+00
0.000000000000000000e+00
0.000000000000000000e+00
0.000000000000000000e+00
0.000000000000000000e+00
0.000000000000000000e+00
0.000000000000000000e+00
0.000000000000000000e+00
0.000000000000000000e+00
0.000000000000000000e+00
0.000000000000000000e+00
0.000000000000000000e+00
0.000000000000000000e+00
0.000000000000000000e+00
0.000000000000000000e+00
0.000000000000000000e+00
0.000000000000000000e+00
0.000000000000000000e+00
0.000000000000000000e+00
0.000000000000000000e+00
0.000000000000000000e+00
0.000000000000000000e+00
0.000000000000000000e+00
0.000000000000000000e+00
0.000000000000000000e+00
0.000000000000000000e+00
0.000000000000000000e+00
0.000000000000000000e+00
0.000000000000000000e+00
0.000000000000000000e+00
0.000000000000000000e+00
0.000000000000000000e+00
0.000000000000000000e+00
0.000000000000000000e+00
0.000000000000000000e+00
0.000000000000000000e+00
0.000000000000000000e+00
0.000000000000000000e+00
0.000000000000000000e+00
0.000000000000000000e+00
0.000000000000000000e+00
0.000000000000000000e+00
0.000000000000000000e+00
0.000000000000000000e+00
0.000000000000000000e+00
0.000000000000000000e+00
0.000000000000000000e+00
0.000000000000000000e+00
0.000000000000000000e+00
0.000000000000000000e+00
0.000000000000000000e+00
0.000000000000000000e+00
0.000000000000000000e+00
0.000000000000000000e+00
0.000000000000000000e+00
0.000000000000000000e+00
0.000000000000000000e+00
0.000000000000000000e+00
0.000000000000000000e+00
0.000000000000000000e+00
0.000000000000000000e+00
