5.366563145999495715e-02
1.073312629199899143e-01
1.609968943799848784e-01
2.146625258399798286e-01
2.683281572999747788e-01
3.219937887599697568e-01
3.756594202199646793e-01
4.293250516799596572e-01
4.829906831399546352e-01
5.366563145999495577e-01
5.903219460599444801e-01
6.439875775199395136e-01
6.976532089799344361e-01
7.513188404399293585e-01
8.049844718999243920e-01
8.586501033599193144e-01
9.123157348199142369e-01
9.659813662799092704e-01
1.019646997739904082e+00
1.073312629199899115e+00
1.126978260659894149e+00
1.180643892119888960e+00
1.234309523579883994e+00
1.287975155039879027e+00
1.341640786499873839e+00
1.395306417959868872e+00
1.448972049419863906e+00
1.502637680879858717e+00
1.556303312339853751e+00
1.609968943799848784e+00
1.663634575259843595e+00
1.717300206719838629e+00
1.770965838179833662e+00
1.824631469639828474e+00
1.878297101099823507e+00
1.931962732559818541e+00
1.985628364019813352e+00
2.039293995479808164e+00
2.092959626939803197e+00
2.146625258399798231e+00
2.200290889859793264e+00
2.253956521319788298e+00
2.307622152779783331e+00
2.361287784239777920e+00
2.414953415699772954e+00
2.468619047159767987e+00
2.522284678619763021e+00
2.575950310079758054e+00
2.629615941539753088e+00
2.683281572999747677e+00
2.736947204459742711e+00
2.790612835919737744e+00
2.844278467379732778e+00
2.897944098839727811e+00
2.951609730299722845e+00
3.005275361759717434e+00
3.058940993219712468e+00
3.112606624679707501e+00
3.166272256139702534e+00
3.219937887599697568e+00
3.273603519059692601e+00
3.327269150519687191e+00
3.380934781979682224e+00
3.434600413439677258e+00
3.488266044899672291e+00
3.541931676359667325e+00
3.595597307819661914e+00
3.649262939279656948e+00
3.702928570739651981e+00
3.756594202199647015e+00
3.810259833659642048e+00
3.863925465119637082e+00
3.917591096579631671e+00
3.971256728039626704e+00
4.024922359499622182e+00
4.078587990959616327e+00
4.132253622419611361e+00
4.185919253879606394e+00
4.239584885339601428e+00
4.293250516799596461e+00
4.346916148259591495e+00
4.400581779719586528e+00
4.454247411179581562e+00
4.507913042639576595e+00
4.561578674099571629e+00
4.615244305559566662e+00
4.668909937019561696e+00
4.722575568479555841e+00
4.776241199939550874e+00
4.829906831399545908e+00
4.883572462859540941e+00
4.937238094319535975e+00
4.990903725779531008e+00
5.044569357239526042e+00
5.098234988699521075e+00
5.151900620159516109e+00
5.205566251619511142e+00
5.259231883079506176e+00
5.312897514539500321e+00
5.366563145999495354e+00
5.420228777459490388e+00
5.473894408919485421e+00
5.527560040379480455e+00
5.581225671839475488e+00
5.634891303299470522e+00
5.688556934759465555e+00
5.742222566219460589e+00
5.795888197679455622e+00
5.849553829139450656e+00
5.903219460599445689e+00
5.956885092059439835e+00
6.010550723519434868e+00
6.064216354979429902e+00
6.117881986439424935e+00
6.171547617899419969e+00
6.225213249359415002e+00
6.278878880819410035e+00
6.332544512279405069e+00
6.386210143739400102e+00
6.439875775199395136e+00
6.493541406659390169e+00
6.547207038119385203e+00
6.600872669579379348e+00
6.654538301039374382e+00
6.708203932499369415e+00
6.761869563959364449e+00
6.815535195419359482e+00
6.869200826879354516e+00
6.922866458339349549e+00
6.976532089799344583e+00
7.030197721259339616e+00
7.083863352719334650e+00
7.137528984179329683e+00
7.191194615639323828e+00
7.244860247099318862e+00
7.298525878559313895e+00
7.352191510019308929e+00
7.405857141479303962e+00
7.459522772939298996e+00
7.513188404399294029e+00
7.566854035859289063e+00
7.620519667319284096e+00
7.674185298779279130e+00
7.727850930239274163e+00
7.781516561699269197e+00
7.835182193159263342e+00
7.888847824619258375e+00
7.942513456079253409e+00
7.996179087539248442e+00
8.049844718999244364e+00
8.103510350459238509e+00
8.157175981919232655e+00
8.210841613379228576e+00
8.264507244839222722e+00
8.318172876299218643e+00
8.371838507759212789e+00
8.425504139219208710e+00
8.479169770679202855e+00
8.532835402139198777e+00
8.586501033599192922e+00
8.640166665059188844e+00
8.693832296519182989e+00
8.747497927979177135e+00
8.801163559439173056e+00
8.854829190899167202e+00
8.908494822359163123e+00
8.962160453819157269e+00
9.015826085279153190e+00
9.069491716739147336e+00
9.123157348199143257e+00
9.176822979659137403e+00
9.230488611119133324e+00
9.284154242579127470e+00
9.337819874039123391e+00
9.391485505499117536e+00
9.445151136959111682e+00
9.498816768419107603e+00
9.552482399879101749e+00
9.606148031339097670e+00
9.659813662799091816e+00
9.713479294259087737e+00
9.767144925719081883e+00
9.820810557179077804e+00
9.874476188639071950e+00
9.928141820099067871e+00
9.981807451559062017e+00
1.003547308301905616e+01
1.008913871447905208e+01
1.014280434593904623e+01
1.019646997739904215e+01
1.025013560885903630e+01
1.030380124031903222e+01
1.035746687177902636e+01
1.041113250323902228e+01
1.046479813469901643e+01
1.051846376615901235e+01
1.057212939761900650e+01
1.062579502907900064e+01
1.067946066053899656e+01
1.073312629199899071e+01
1.078679192345898663e+01
1.084045755491898078e+01
1.089412318637897670e+01
1.094778881783897084e+01
1.100145444929896676e+01
1.105512008075896091e+01
1.110878571221895683e+01
1.116245134367895098e+01
1.121611697513894690e+01
1.126978260659894104e+01
1.132344823805893519e+01
1.137711386951893111e+01
1.143077950097892526e+01
1.148444513243892118e+01
1.153811076389891532e+01
1.159177639535891124e+01
1.164544202681890539e+01
1.169910765827890131e+01
1.175277328973889546e+01
1.180643892119889138e+01
1.186010455265888552e+01
1.191377018411887967e+01
1.196743581557887559e+01
1.202110144703886974e+01
1.207476707849886566e+01
1.212843270995885980e+01
1.218209834141885572e+01
1.223576397287884987e+01
1.228942960433884579e+01
1.234309523579883994e+01
1.239676086725883586e+01
1.245042649871883000e+01
1.250409213017882415e+01
1.255775776163882007e+01
1.261142339309881422e+01
1.266508902455881014e+01
1.271875465601880428e+01
1.277242028747880020e+01
1.282608591893879435e+01
1.287975155039879027e+01
1.293341718185878442e+01
1.298708281331878034e+01
1.304074844477877448e+01
1.309441407623877041e+01
1.314807970769876455e+01
1.320174533915875870e+01
1.325541097061875462e+01
1.330907660207874876e+01
1.336274223353874469e+01
1.341640786499873883e+01
