1.000000000000000048e-04
0.000000000000000000e+00
0.000000000000000000e+00
0.000000000000000000e+00
0.000000000000000000e+00
0.000000000000000000e+00
0.000000000000000000e+00
0.000000000000000000e+00
0.000000000000000000e+00
0.000000000000000000e+00
0.000000000000000000e+00
0.000000000000000000e+00
0.000000000000000000e+00
0.000000000000000000e+00
0.000000000000000000e+00
0.000000000000000000e+00
1.754735618026582056e-03
1.771531524925977208e-01
1.203962507559570572e+00
2.320804006368990535e+00
2.438855209120036172e+00
2.042711661157722958e+00
1.601592227941512459e+00
1.245171133168077704e+00
9.945788840906146788e-01
8.319280086887180792e-01
7.470311502411346449e-01
6.771220357051264127e-01
6.426860038898960514e-01
6.529607636558798500e-01
6.655679332118514813e-01
7.074803983559609932e-01
7.762060518552689192e-01
8.486340132681077231e-01
9.453013241372633102e-01
1.035718143441506589e+00
1.106969965750472795e+00
1.156383987480244402e+00
1.179778351282743998e+00
1.190866406932958865e+00
1.151675340898296485e+00
1.086733432744399153e+00
1.019845531987716658e+00
9.704120760175447558e-01
9.251102657673099250e-01
8.907510888400770321e-01
8.770779678369106103e-01
8.723254193244686094e-01
8.775709812339552718e-01
8.982830292652375093e-01
9.227801947749163514e-01
9.557138503486040104e-01
9.915709411565915010e-01
1.006071137486676204e+00
1.031080328840860760e+00
1.040768121106701471e+00
1.040245917435863143e+00
1.047701179536539851e+00
1.038664609209064338e+00
1.018154512629969810e+00
1.003191041620144386e+00
9.843610900844406153e-01
9.613179155461666348e-01
9.535957241059237477e-01
9.519620354576412424e-01
9.456247989084538563e-01
9.518607629044858465e-01
9.661472705920614024e-01
9.682547568268723426e-01
9.767413071729528218e-01
9.937860412105790076e-01
9.913349086862495163e-01
1.000791348557986460e+00
1.001964652505550779e+00
1.007739440219938665e+00
1.006368332656992992e+00
1.010125367245484629e+00
1.001696264231343392e+00
9.919192753725467604e-01
9.917163208161159371e-01
9.879166878477991798e-01
9.775562906785369988e-01
9.774064289963566576e-01
9.761273001622912115e-01
9.782583977665756381e-01
9.835712783255388114e-01
9.843519983645322435e-01
9.872201444530076531e-01
9.827477576281278271e-01
9.889249905330658175e-01
9.946893985307101449e-01
9.964662909067585339e-01
9.918474941556226776e-01
9.918128237969771055e-01
9.951287239344935864e-01
9.962918691485153078e-01
9.690226027292946354e-01
9.365979697628421530e-01
9.029126534122491332e-01
8.720236081492257485e-01
8.390867790487451794e-01
8.161036663787722967e-01
7.911544095546938493e-01
7.636485989244758965e-01
7.336004497019786852e-01
7.103940016380744238e-01
6.847418751363697487e-01
6.581978664339458440e-01
6.329328494216458489e-01
6.130020961713863459e-01
5.889830060001773893e-01
5.663084495760737358e-01
5.477042240065199685e-01
5.280313365195088426e-01
5.078082478296149782e-01
4.859589089015450281e-01
4.631859339961513222e-01
4.450637402317781377e-01
4.202328489504695286e-01
3.932623902490675061e-01
3.718697181214112857e-01
3.518507523226155898e-01
3.318005385675419361e-01
3.128514521427057660e-01
2.956293780426130224e-01
0.000000000000000000e+00
0.000000000000000000e+00
0.000000000000000000e+00
0.000000000000000000e+00
0.000000000000000000e+00
0.000000000000000000e+00
0.000000000000000000e+00
0.000000000000000000e+00
0.000000000000000000e+00
0.000000000000000000e+00
0.000000000000000000e+00
0.000000000000000000e+00
0.000000000000000000e+00
0.000000000000000000e+00
0.000000000000000000e+00
0.000000000000000000e+00
0.000000000000000000e+00
0.000000000000000000e+00
0.000000000000000000e+00
0.000000000000000000e+00
0.000000000000000000e+00
0.000000000000000000e+00
0.000000000000000000e+00
0.000000000000000000e+00
0.000000000000000000e+00
0.000000000000000000e+00
0.000000000000000000e+00
0.000000000000000000e+00
0.000000000000000000e+00
0.000000000000000000e+00
0.000000000000000000e+00
0.000000000000000000e+00
0.000000000000000000e+00
0.000000000000000000e+00
0.000000000000000000e+00
0.000000000000000000e+00
0.000000000000000000e+00
0.000000000000000000e+00
0.000000000000000000e+00
0.000000000000000000e+00
0.000000000000000000e+00
0.000000000000000000e+00
0.000000000000000000e+00
0.000000000000000000e+00
0.000000000000000000e+00
0.000000000000000000e+00
0.000000000000000000e+00
0.000000000000000000e+00
0.000000000000000000e+00
0.000000000000000000e+00
0.000000000000000000e+00
0.000000000000000000e+00
0.000000000000000000e+00
0.000000000000000000e+00
0.000000000000000000e+00
0.000000000000000000e+00
0.000000000000000000e+00
0.000000000000000000e+00
0.000000000000000000e+00
0.000000000000000000e+00
0.000000000000000000e+00
0.000000000000000000e+00
0.000000000000000000e+00
0.000000000000000000e+00
0.000000000000000000e+00
0.000000000000000000e+00
0.000000000000000000e+00
0.000000000000000000e+00
0.000000000000000000e+00
0.000000000000000000e+00
0.000000000000000000e+00
0.000000000000000000e+00
0.000000000000000000e+00
0.000000000000000000e+00
0.000000000000000000e+00
0.000000000000000000e+00
0.000000000000000000e+00
0.000000000000000000e+00
0.000000000000000000e+00
0.000000000000000000e+00
0.000000000000000000e+00
0.000000000000000000e+00
0.000000000000000000e+00
0.000000000000000000e+00
0.000000000000000000e+00
0.000000000000000000e+00
0.000000000000000000e+00
0.000000000000000000e+00
0.000000000000000000e+00
0.000000000000000000e+00
0.000000000000000000e+00
0.000000000000000000e+00
0.000000000000000000e+00
0.000000000000000000e+00
0.000000000000000000e+00
0.000000000000000000e+00
0.000000000000000000e+00
0.000000000000000000e+00
0.000000000000000000e+00
0.000000000000000000e+00
0.000000000000000000e+00
0.000000000000000000e+00
0.000000000000000000e+00
0.000000000000000000e+00
0.000000000000000000e+00
0.000000000000000000e+00
0.000000000000000000e+00
0.000000000000000000e+00
0.000000000000000000e+00
0.000000000000000000e+00
0.000000000000000000e+00
0.000000000000000000e+00
0.000000000000000000e+00
0.000000000000000000e+00
0.000000000000000000e+00
0.000000000000000000e+00
0.000000000000000000e+00
0.000000000000000000e+00
0.000000000000000000e+00
0.000000000000000000e+00
0.000000000000000000e+00
0.000000000000000000e+00
0.000000000000000000e+00
0.000000000000000000e+00
0.000000000000000000e+00
