1.828010728612577518e+00
1.832665944582001272e+00
1.828856075838829476e+00
1.834135797352192565e+00
1.835150114838530744e+00
1.823380760908352105e+00
1.831779183600449112e+00
1.834813572318218400e+00
1.823645146620249236e+00
1.826704897172757303e+00
1.825732550283302169e+00
1.829813533058145314e+00
1.827712818203725664e+00
1.824416954341366415e+00
1.825529654927734002e+00
1.829706222008900429e+00
1.830512219057631063e+00
1.835286469540957421e+00
1.836228425892603600e+00
1.832501936089172334e+00
1.835544758988575609e+00
1.835549847894657693e+00
1.837487591658755193e+00
1.828411187529558557e+00
1.835854815449328603e+00
1.825425308212327291e+00
1.831186133294688378e+00
1.832176114724628935e+00
1.829990740354803691e+00
1.833856200933384750e+00
1.829362148049761938e+00
1.835196689940209680e+00
1.828856089240012528e+00
1.829060483837126272e+00
1.834845159091813782e+00
1.837193778743181349e+00
1.832234383999359340e+00
1.824709803195152524e+00
1.824886326330428021e+00
1.833542932581870621e+00
1.841324983501778201e+00
1.837600082602883766e+00
1.828170836888112660e+00
1.828299262514194945e+00
1.834038773070243433e+00
1.830455411394888543e+00
1.830996885052508016e+00
1.828141181011248007e+00
1.835852413735577837e+00
1.832174645128830770e+00
1.841748061241924583e+00
1.822741639093297339e+00
1.838356187204105430e+00
1.835630648870276715e+00
1.829591133951797177e+00
1.833516104474200770e+00
1.828627528435919469e+00
1.825901469025322355e+00
1.837158201863526408e+00
1.834858516971129339e+00
1.828543719413596280e+00
1.830604832922942737e+00
1.828312479998909001e+00
1.826106287013755880e+00
1.833482307324984406e+00
1.827247725066217132e+00
1.834970145332227576e+00
1.826375452607094330e+00
1.835647634615720669e+00
1.831306872331311508e+00
1.826007554168360247e+00
1.837180027122426562e+00
1.835364052494965481e+00
1.829737459254241694e+00
1.834172888005328739e+00
1.834280336989965621e+00
1.831264875560586924e+00
1.828851329526741898e+00
1.822851962901271383e+00
1.833950436720648725e+00
