2.692501247116731999e+00
2.694688543106418255e+00
2.697737212403358953e+00
2.701385280383970855e+00
2.705227952492375021e+00
2.708735751084279109e+00
2.711307239215338782e+00
2.712400901460194635e+00
2.711735257671918031e+00
2.709434315426535012e+00
2.705974922517462300e+00
2.701974968577853797e+00
2.697996470666528257e+00
2.694461059443545636e+00
2.691642133477643029e+00
2.689688501143332022e+00
2.688662137498725624e+00
2.688576662347048618e+00
2.689412673006223109e+00
2.691099029295429101e+00
2.693482204138584191e+00
2.696312730813180902e+00
2.699263130498856800e+00
2.701971260292314714e+00
2.704091152807858389e+00
2.705345460739047248e+00
2.705587219964756152e+00
2.704852000180802740e+00
2.703361309652525968e+00
2.701449999427615989e+00
2.699448380271835646e+00
2.697602709074080618e+00
2.696071772334327044e+00
2.694952642278859667e+00
2.694266702603078212e+00
2.693917511614160265e+00
2.693682777991460942e+00
2.693273629685519754e+00
2.692426697281922188e+00
2.690974362100087891e+00
2.688884036841799219e+00
2.686272711942919944e+00
2.683390489678972202e+00
2.680561018883520052e+00
2.678093965019485712e+00
2.676213166785209818e+00
2.675028474710024362e+00
2.674549405821201820e+00
2.674718177292311427e+00
2.675439431646132071e+00
2.676596781077819287e+00
2.678062959246660935e+00
2.679710802208351339e+00
2.681424849434340896e+00
2.683106900595978672e+00
2.684667301740416345e+00
2.686002645450879189e+00
2.686972556478355756e+00
2.687394432248028320e+00
2.687073477522567533e+00
2.685867908662724179e+00
2.683768753119780470e+00
2.680954500670167384e+00
2.677778437901400022e+00
2.674680487856249123e+00
2.672063004426188382e+00
2.670195562211781670e+00
2.669193263459316512e+00
2.669073280812356952e+00
2.669847335940132904e+00
2.671577893198894937e+00
2.674351921579313007e+00
2.678199631532041103e+00
2.683039878257119870e+00
2.688703082163713898e+00
2.694996015719561377e+00
2.701741757983648906e+00
2.708761929133877810e+00
2.715820681917167079e+00
2.722580599586548633e+00
2.728608515403720070e+00
2.733441028470066758e+00
2.736691430534622604e+00
2.738146774060039146e+00
2.737801462436598499e+00
2.735819391621538976e+00
2.732457679738865775e+00
2.727997121761354116e+00
2.722710536268866388e+00
2.716868612522808313e+00
2.710758504095271970e+00
2.704697082545993503e+00
2.699025104716033852e+00
2.694069038911500069e+00
2.690074913950111224e+00
2.687140114069246355e+00
2.685178125364617419e+00
2.683943915713121076e+00
2.683118299085489156e+00
2.682426222900842205e+00
2.681736037116528415e+00
2.681087109944494618e+00
2.680633506986954018e+00
2.680529813896915137e+00
2.680828098259956604e+00
2.681443270668383505e+00
2.682190002895384229e+00
2.682858735677132511e+00
2.683278894617828314e+00
2.683338252876491303e+00
2.682970070068043889e+00
2.682138768993627131e+00
2.680843588466871985e+00
2.679133594583276157e+00
2.677119840717803179e+00
2.674975500004682427e+00
2.672914713899230410e+00
2.671155665615677410e+00
2.669876711343196263e+00
2.669182182029789185e+00
2.669095393163408492e+00
2.669579323932089743e+00
2.670570464841091063e+00
2.672004543125807707e+00
2.673829847678682814e+00
2.676006665809535612e+00
2.678497618968795013e+00
2.681252621138240144e+00
2.684183148212685222e+00
2.687138290702527410e+00
2.689900921842083292e+00
2.692225649114589281e+00
2.693918842068722341e+00
2.694920665295506002e+00
2.695334832053992269e+00
2.695383749823949682e+00
2.695329217523363408e+00
2.695406590363198074e+00
2.695796478967347198e+00
2.696627042788926065e+00
2.697983258121920080e+00
2.699911163337934905e+00
2.702408768272163364e+00
2.705401510491576733e+00
2.708713172848714823e+00
2.712042137653994711e+00
2.714960378068201230e+00
2.716956779568199920e+00
2.717536843939913016e+00
2.716364899355647289e+00
2.713396305966479183e+00
2.708934154237959024e+00
2.703570116348077423e+00
2.698038690674995355e+00
2.693051935307642974e+00
2.689167462239840489e+00
2.686703025823157009e+00
2.685691234045507692e+00
2.685869094727272088e+00
2.686716909158630706e+00
2.687584155855755164e+00
2.687903269251262994e+00
2.687405545804891105e+00
2.686200551536945813e+00
2.684664445317140213e+00
2.683238868130874533e+00
2.682286907436362444e+00
2.682057557523721769e+00
2.682703053712782726e+00
2.684281778049212974e+00
2.686722671329844658e+00
2.689767407769350083e+00
2.692954115357457212e+00
2.695714376232517306e+00
2.697570072455535151e+00
2.698294896686821431e+00
2.697919317752664803e+00
2.696610271849393392e+00
2.694555518400492122e+00
2.691929629089504061e+00
2.688914497243476642e+00
2.685720802804118179e+00
2.682584421801708086e+00
2.679742806637742891e+00
2.677405141680990308e+00
2.675730124950649103e+00
2.674808172791647287e+00
2.674650348930399879e+00
2.675194349480637168e+00
2.676345176510346757e+00
2.678037660184212854e+00
2.680264984925533334e+00
2.683035692748393153e+00
2.686295658660430519e+00
2.689883543669419730e+00
2.693548465683859749e+00
2.697007537720114367e+00
2.700003913833920244e+00
2.702354328482301060e+00
2.703990895995776800e+00
2.704993216033309444e+00
2.705591575675935445e+00
2.706127379345383499e+00
2.706983365317190415e+00
2.708503520424240918e+00
2.710918840933661755e+00
2.714291815379175521e+00
2.718485055608594880e+00
2.723155253713335000e+00
2.727765365130829789e+00
2.731630457598142936e+00
2.734025837401039993e+00
2.734370008728185031e+00
2.732445236654169385e+00
2.728535320158682165e+00
2.723365376008961114e+00
2.717857941254631093e+00
2.712848050494705010e+00
2.708894496176741384e+00
2.706225535410363481e+00
2.704795304090647612e+00
2.704384048862376044e+00
2.704682958948819049e+00
2.705346459144994498e+00
2.706035032942599283e+00
2.706471778882460377e+00
2.706498903163466974e+00
2.706093583911254541e+00
2.705321709314248757e+00
2.704260322106955883e+00
2.702939221276764670e+00
2.701324092549699962e+00
2.699328156236648457e+00
2.696849362453983989e+00
2.693834820814117847e+00
2.690342385939296754e+00
2.686558002573605552e+00
2.682752761267270802e+00
2.679205930725581997e+00
2.676135476080688580e+00
2.673660023475681324e+00
2.671810820619528126e+00
2.670595154876499677e+00
2.670069613258818642e+00
2.670367151260627292e+00
2.671657151772799832e+00
2.674064271873264342e+00
2.677594770295019799e+00
2.682099463613112800e+00
2.687283363868006258e+00
2.692758600297769256e+00
2.698115467543839241e+00
2.702985666615017823e+00
2.707092861735707512e+00
2.710296430066120976e+00
2.712617549863150401e+00
2.714220781528788429e+00
2.715340278316336065e+00
2.716171523090816997e+00
2.716786846788240783e+00
2.717128892853640565e+00
2.717081745321161979e+00
2.716568316280315809e+00
2.715605094771707417e+00
2.714293598503126681e+00
2.712778472778557326e+00
2.711206938828206514e+00
2.709704519536481726e+00
2.708353427674990321e+00
2.707172578145093933e+00
2.706108418561688822e+00
2.705043999411304245e+00
2.703832469435435648e+00
2.702349908592543759e+00
2.700550202890597440e+00
2.698492896204971903e+00
2.696332539513948134e+00
2.694278635818263545e+00
2.692543428973539488e+00
2.691293478252868798e+00
2.690620970084576236e+00
2.690541752288070576e+00
2.691021281417367295e+00
2.692008599700507432e+00
2.693445840657768819e+00
2.695241465311347007e+00
2.697223701361688875e+00
2.699120439585482867e+00
2.700603825481973086e+00
2.701397718291826955e+00
2.701388903207045278e+00
2.700659255633027556e+00
2.699402216365334173e+00
2.697766783415452174e+00
2.695756692341111371e+00
2.693311941714743973e+00
2.690529366084791540e+00
2.687781947171524966e+00
2.685571866830680499e+00
2.684274529449467650e+00
2.684010080698416179e+00
2.684682376651424285e+00
2.686088575963340386e+00
2.688013144686705047e+00
2.690274522323399697e+00
2.692721354177459503e+00
2.695204415809929088e+00
2.697551447482003262e+00
2.699569900088440555e+00
2.701077536716132599e+00
2.701936346104607534e+00
2.702075405828411991e+00
2.701499126604761436e+00
2.700287991257287246e+00
2.698600914473332502e+00
2.696672446857265815e+00
2.694788982647843056e+00
2.693244564963525711e+00
2.692292329835374698e+00
2.692103578907070638e+00
2.692750536794764837e+00
2.694219821400820170e+00
2.696444189266627323e+00
2.699324163238800534e+00
2.702712182794782869e+00
2.706365818392159284e+00
2.709910638473071121e+00
2.712850900230220130e+00
2.714656262728544434e+00
2.714906234962378928e+00
2.713426774997817148e+00
2.710344911740413032e+00
2.706038912766750126e+00
2.701028291095359801e+00
2.695856479171369724e+00
2.690999430173990348e+00
2.686811490227946742e+00
2.683508263504269742e+00
2.681180046039114639e+00
2.679828573345623077e+00
2.679405849267253448e+00
2.679842414882180890e+00
2.681055962927415326e+00
2.682941935598910366e+00
2.685363992318488435e+00
2.688153157441926400e+00
2.691117913280343554e+00
2.694060988528571343e+00
2.696804113261695779e+00
2.699212852208591418e+00
2.701209208429266262e+00
2.702774312530039857e+00
2.703945962367374722e+00
2.704811840814110191e+00
2.705487668618693053e+00
2.706079885727555201e+00
2.706645694654528977e+00
2.707161952041282849e+00
2.707520459386424605e+00
2.707542038516726812e+00
2.707004834644496150e+00
2.705694495099856933e+00
2.703469481811985986e+00
2.700323650438051004e+00
2.696415691456820252e+00
2.692049310002513796e+00
2.687624223601459139e+00
2.683575678861354064e+00
2.680309976065290201e+00
2.678137151267248051e+00
2.677195111590934928e+00
2.677385612085561029e+00
2.678374997629285215e+00
2.679713503246310413e+00
2.681054254606830778e+00
2.682317312637325202e+00
2.683658528943577704e+00
2.685289272872849242e+00
2.687311430456548855e+00
2.689662093262521037e+00
2.692138059874346734e+00
2.694440309718793447e+00
2.696212032622383514e+00
2.697088657669255873e+00
2.696794974781880239e+00
2.695277817201848780e+00
2.692794058628995568e+00
2.689872765455258552e+00
2.687153059406650613e+00
2.685195259452838989e+00
2.684356473198678650e+00
2.684750468806942791e+00
2.686281105713716588e+00
2.688712790203282577e+00
2.691744600224121431e+00
2.695068435956388786e+00
2.698400540942051506e+00
2.701494097705871233e+00
2.704145261845356085e+00
2.706190688762733831e+00
2.707488816479458382e+00
2.707906021758212489e+00
2.707346409039648183e+00
2.705823649596515335e+00
2.703529501296052295e+00
2.700834921489104534e+00
2.698198252372939532e+00
2.696028425261683292e+00
2.694572709696679613e+00
2.693879563846396596e+00
2.693841586032133417e+00
2.694274398286675698e+00
2.694979165879813454e+00
2.695766594261508331e+00
2.696465842631742937e+00
2.696943146336201913e+00
2.697130504785314020e+00
2.697040974296192495e+00
2.696748826696075074e+00
2.696347671057722106e+00
2.695918166698528129e+00
2.695532217934478947e+00
2.695275574798803309e+00
2.695245539745206642e+00
2.695516095580070548e+00
2.696122535254835917e+00
2.697102341977354989e+00
2.698534230915773602e+00
2.700496973954599422e+00
2.702965251714829265e+00
2.705732957889214862e+00
2.708424086800263808e+00
2.710581902322823922e+00
2.711795991747030232e+00
2.711820785049745552e+00
2.710637349272778440e+00
2.708433435015509261e+00
2.705529212055360233e+00
2.702301066814410735e+00
2.699124549905950854e+00
2.696323022452382645e+00
2.694122124864781309e+00
2.692624801657853784e+00
2.691808784272093469e+00
2.691543170763214921e+00
2.691619814866248017e+00
2.691789338971749768e+00
2.691797449108349394e+00
2.691423490837941745e+00
2.690521517104473848e+00
2.689048295322702398e+00
2.687065624889799498e+00
2.684720931666167765e+00
2.682219394496447418e+00
2.679798212158888582e+00
2.677695899408258917e+00
2.676116762615705635e+00
2.675198830704180075e+00
2.675002426750610951e+00
2.675522269673642040e+00
2.676706670966450208e+00
2.678466173301623954e+00
2.680668903220420951e+00
2.683137331092044331e+00
2.685660773101680387e+00
2.688029060360134004e+00
2.690081425739465182e+00
2.691739591449072488e+00
2.692992437375635539e+00
2.693837609243011411e+00
2.694235361380198146e+00
2.694132461984231952e+00
2.693544548187210452e+00
2.692615538580677814e+00
2.691592765862890424e+00
2.690738959615870840e+00
2.690253127557774349e+00
2.690250679869869543e+00
2.690797564023788002e+00
2.691951382222701916e+00
2.693765961457013525e+00
2.696261377493745393e+00
2.699378302895937054e+00
2.702918704161532126e+00
2.706497760359928950e+00
2.709604266158925689e+00
2.711837781490469723e+00
2.713143213589999103e+00
2.713763393322151884e+00
2.713964325857782356e+00
2.713854759544299888e+00
2.713440726527671654e+00
2.712785893044362240e+00
2.712100340333695847e+00
2.711682961093406785e+00
2.711769109013909329e+00
2.712384143560775396e+00
2.713286665059230440e+00
2.714040631128851633e+00
2.714191980729263598e+00
2.713476468899546745e+00
2.711950934724252082e+00
2.709968173645843414e+00
2.708003416832955867e+00
2.706434851418835663e+00
2.705400328107451902e+00
2.704795367468213030e+00
2.704405762379999079e+00
2.704085787743925273e+00
2.703856074857678315e+00
2.703869330512578273e+00
2.704307538484276296e+00
2.705298226596354549e+00
2.706879267716407522e+00
2.708983704327537101e+00
2.711433609398219424e+00
2.713961625246194664e+00
2.716273795846206429e+00
2.718120025012695340e+00
2.719304402427413780e+00
2.719634213724264171e+00
2.718897213964046156e+00
2.716933734929139366e+00
2.713751959390565904e+00
2.709559579746369629e+00
2.704675939259048700e+00
2.699428049421599862e+00
2.694121590415631484e+00
2.689075298982617213e+00
2.684644315827183547e+00
2.681189570160526614e+00
2.679002905368714771e+00
2.678227006123233611e+00
2.678814488976901220e+00
2.680542081014250400e+00
2.683076905020118641e+00
2.686068242468932610e+00
2.689225534326002531e+00
2.692346456767203744e+00
2.695292038148600966e+00
2.697931841449239698e+00
2.700094893799586782e+00
2.701566816072183297e+00
2.702136097317394015e+00
2.701659428561712151e+00
2.700106522994927705e+00
2.697569096171767544e+00
2.694251378040888767e+00
2.690455540196473372e+00
2.686563217164488648e+00
2.682994390677685193e+00
2.680138442156576595e+00
2.678274459554820464e+00
2.677512788695549428e+00
2.677782949587001582e+00
2.678869236692495548e+00
2.680461897543208849e+00
2.682196579769413169e+00
2.683694389180067308e+00
2.684618580173152580e+00
2.684751135725770066e+00
2.684056324543555139e+00
2.682687946693304237e+00
2.680924546395996533e+00
2.679065774568592850e+00
2.677348677488545103e+00
2.675906284940268609e+00
2.674765652573462660e+00
2.673874210300935417e+00
2.673150264351843219e+00
2.672552898544434452e+00
2.672141150429656609e+00
2.672084312343875112e+00
2.672609448576858338e+00
2.673911750868156467e+00
2.676075638927327027e+00
2.679038682660148218e+00
2.682602009982822278e+00
2.686478562606191556e+00
2.690358112589475770e+00
2.693966196450283679e+00
2.697099221705510086e+00
2.699629461806272612e+00
2.701488525249008177e+00
2.702656599680834493e+00
2.703181562907821078e+00
2.703220132995864056e+00
2.703062140132179270e+00
2.703094283928081154e+00
2.703706400382257069e+00
2.705183320322478657e+00
2.707623761144404728e+00
2.710914236325951965e+00
2.714759558869353384e+00
2.718755871192899853e+00
2.722487375279698529e+00
2.725606725131253238e+00
2.727860325144205955e+00
2.729052303215984576e+00
2.728992713397945469e+00
2.727500929098108706e+00
2.724491674722463230e+00
2.720095366896841060e+00
2.714719541051410889e+00
2.708992161085262751e+00
2.703605860896632240e+00
2.699147986387759435e+00
2.695997252997785143e+00
2.694306854435096099e+00
2.694050157872654783e+00
2.695088658942697446e+00
2.697225754701261025e+00
2.700234717649188987e+00
2.703863089796481933e+00
2.707833868360818297e+00
2.711856890447289725e+00
2.715642674110643640e+00
2.718910031035611574e+00
2.721398051116344696e+00
2.722920204377226927e+00
2.723471135590044057e+00
2.723312823517209935e+00
2.722930158166020131e+00
2.722845749725443021e+00
2.723410637265427869e+00
2.724684584714340385e+00
2.726425357530821714e+00
2.728158677724158654e+00
2.729304102549595878e+00
2.729328877775244244e+00
2.727885283082959855e+00
2.724892134377403963e+00
2.720547648160756449e+00
2.715278231302717060e+00
2.709640038653176930e+00
2.704214454217078956e+00
2.699532602074899312e+00
2.696038799959912691e+00
2.694079705426715154e+00
2.693890233583928318e+00
2.695548993117756531e+00
2.698915496310936302e+00
2.703587539164253428e+00
2.708913485476530880e+00
2.714087379022511737e+00
2.718322393642845558e+00
2.721042957764142400e+00
2.722015662820753690e+00
2.721367253736881597e+00
2.719502610488811367e+00
2.716972676402186870e+00
2.714338697966914626e+00
2.712065262375829011e+00
2.710457316803201344e+00
2.709632388972636807e+00
2.709501806578973326e+00
2.709764487450507353e+00
2.709951662603581113e+00
2.709576465586972294e+00
2.708343687013388568e+00
2.706263812244326772e+00
2.703577585091426094e+00
2.700575113837571095e+00
2.697477358791271040e+00
2.694434928862002643e+00
2.691591631822115360e+00
2.689131233586749659e+00
2.687269915760305050e+00
2.686218311969373218e+00
2.686145711033641081e+00
2.687172140435428958e+00
2.689388204602488841e+00
2.692880888852121402e+00
2.697739602930996572e+00
2.704022554234060571e+00
2.711676000357575500e+00
2.720427259192926162e+00
2.729713090628580918e+00
2.738713067635680787e+00
2.746504287014662093e+00
2.752268785895908287e+00
2.755446691031274042e+00
2.755776461655329523e+00
2.753255901370832426e+00
2.748094133271647532e+00
2.740698294707514915e+00
2.731675047366886933e+00
2.721789296449042439e+00
2.711859910571580823e+00
2.702628331225594316e+00
2.694654710120788277e+00
2.688270762602151365e+00
2.683586297650591312e+00
2.680535461991610191e+00
2.678948192964367259e+00
2.678634925248112530e+00
2.679459429770414403e+00
2.681362642004519792e+00
2.684317065948093717e+00
2.688231432145934630e+00
2.692844949006542699e+00
2.697647423310420400e+00
2.701883956857753066e+00
2.704715838262028882e+00
2.705532212369630152e+00
2.704245755424802500e+00
2.701345968186163127e+00
2.697663849455389062e+00
2.694028722500727113e+00
2.691033690482202978e+00
2.688972422981480648e+00
2.687884466662236349e+00
2.687642955483218632e+00
2.688043976557069392e+00
2.688885970280465276e+00
2.690036076255326147e+00
2.691462708613254318e+00
2.693216135492314312e+00
2.695366466392876248e+00
2.697931800167638450e+00
2.700829013747403362e+00
2.703876728469330804e+00
2.706852130896316488e+00
2.709567721018832920e+00
2.711926285081438515e+00
2.713926335625110653e+00
2.715612536795723120e+00
2.717000321388441275e+00
2.718024796102038732e+00
2.718548307787454821e+00
2.718427471623013236e+00
2.717593217020608520e+00
2.716095714028391672e+00
2.714081914359346648e+00
2.711713498783264065e+00
2.709094857362500886e+00
2.706285825914651166e+00
2.703396675837834273e+00
2.700637437479090242e+00
2.698235586048332024e+00
2.696310350173998227e+00
2.694835024947803692e+00
2.693718015282300371e+00
2.692926697074942144e+00
2.692561485443477842e+00
2.692834644158528246e+00
2.693983132772339584e+00
2.696181796335764158e+00
2.699506844444996112e+00
2.703954658484987839e+00
2.709480469841558214e+00
2.716012578953693524e+00
2.723406631742372408e+00
2.731347145330648374e+00
2.739259292404134793e+00
2.746338214898047525e+00
2.751756036750844903e+00
2.754965695064567122e+00
2.755900161613052735e+00
2.754927676897021005e+00
2.752626345454709078e+00
2.749543713235865550e+00
2.746060406395788078e+00
2.742375356427923627e+00
2.738568279407386008e+00
2.734675826267213061e+00
2.730738188691873347e+00
2.726804995502903672e+00
2.722915767207233273e+00
2.719077279389242818e+00
2.715252001048085617e+00
2.711367667856857455e+00
2.707359699161565381e+00
2.703232328252442418e+00
2.699090844546878198e+00
2.695115230372890025e+00
2.691491389954025149e+00
2.688350144217613646e+00
2.685756935610045470e+00
2.683759005627496919e+00
2.682457446608316864e+00
2.682051069551763423e+00
2.682805519591405119e+00
2.684949524250691777e+00
2.688543954569725614e+00
2.693389833368290187e+00
2.699023116603655570e+00
2.704796325030595749e+00
2.710012614792655317e+00
2.714065255593182791e+00
2.716552937555071434e+00
2.717350689930699392e+00
2.716608838853166397e+00
2.714668408934281629e+00
2.711924269108244356e+00
2.708704085856274979e+00
2.705217075286110884e+00
2.701584025971853542e+00
2.697909973100177883e+00
2.694340741954080798e+00
