2.692615946962830353e+00
2.688623164964208723e+00
2.701068956015831635e+00
2.696998298529334370e+00
2.698533542678380748e+00
2.702871330640931102e+00
2.693370948010520571e+00
2.694973546228046857e+00
2.692174538673319795e+00
2.693700773091417755e+00
2.698647540343370732e+00
2.703730353970362543e+00
2.698494613007771825e+00
2.700926853974115804e+00
2.704922495400990723e+00
2.698487441934743547e+00
2.702783556444268154e+00
2.693205967573686799e+00
2.699311094179409398e+00
2.697209952207123340e+00
2.691257666357129263e+00
2.699129310368976853e+00
2.697815071551494359e+00
2.708684099600678241e+00
2.708721996149761946e+00
2.705760544674804535e+00
2.681320663492300138e+00
2.702937130946547750e+00
2.705511567776280657e+00
2.694490015198399480e+00
2.708987176554991994e+00
2.705285327979741528e+00
2.705122998359350994e+00
2.693245953414132643e+00
2.695498285641626079e+00
2.702220829723754658e+00
2.693630674395640856e+00
2.694307284495337740e+00
2.702951223496764310e+00
2.694071322597178408e+00
2.702056227636934871e+00
2.701917492112400065e+00
2.705798760981705353e+00
2.678665905268753811e+00
2.702638575065631876e+00
2.700745968558714072e+00
2.693485333836466822e+00
2.693500766677437319e+00
2.711930982242716226e+00
2.706304696069127935e+00
2.708741944147751823e+00
2.700887724364795961e+00
2.702749680801919574e+00
2.697220490852564545e+00
2.698932318181368917e+00
2.717753553191268878e+00
2.698515957920363917e+00
2.688074390972472028e+00
2.691909444115244909e+00
2.702085138515879059e+00
2.696286628767992521e+00
2.700474194412740392e+00
2.691503119806790245e+00
2.687924079957761059e+00
2.697616863197524140e+00
2.686701961068004074e+00
2.689228636260617478e+00
2.695890156211282473e+00
2.692165471980353608e+00
2.707355771196442440e+00
2.697161557577611113e+00
2.699240863525099066e+00
2.692918675385406413e+00
2.690708515778913679e+00
2.691716698797640195e+00
2.696198663935939432e+00
2.696016779922650208e+00
2.694378112035562989e+00
2.697437181986105159e+00
2.708104961150437529e+00
