2.696064937908368986e+00
2.688636822850162922e+00
2.690795600678568267e+00
2.684162945998779914e+00
2.710969310485418671e+00
2.683339761588918293e+00
2.675659461718166376e+00
2.675714489497645676e+00
2.669870933894043397e+00
2.655902339748055674e+00
2.663267875235890259e+00
2.678444198337065707e+00
2.686941132171207336e+00
2.703083757239360896e+00
2.694560624645069957e+00
2.694917712140132426e+00
2.659448721383347980e+00
2.685767599622167712e+00
2.714422311803613930e+00
2.687007242317891897e+00
2.681553458425383063e+00
2.704937831575370488e+00
2.703363934596780371e+00
2.670753068110344408e+00
2.678168919660819380e+00
2.683562211941178610e+00
2.714690356624835488e+00
2.690259063519492067e+00
2.657153084982406988e+00
2.676254532597966307e+00
2.688419229027853241e+00
2.669997717103913093e+00
2.644323343512504199e+00
2.681403780455371866e+00
2.691121802598606561e+00
2.670036854433308626e+00
2.684744975208804618e+00
2.680332321670828577e+00
2.699077296014439575e+00
2.677419467842513612e+00
2.685516459340584916e+00
2.676409886265094684e+00
2.654845628294728588e+00
2.679385087870700399e+00
2.679967606583005590e+00
2.698961883999953848e+00
2.695990624973202188e+00
2.675594931960260325e+00
2.676505454922299521e+00
2.656472275564242924e+00
2.656900015963385098e+00
2.666969282161717469e+00
2.672030545241242727e+00
2.676102747818525085e+00
2.680133742833112898e+00
2.664630035393762419e+00
2.684706110481756447e+00
2.688672787801231312e+00
2.694413384480453200e+00
2.699804619013848939e+00
2.674146795402237764e+00
2.672881452792113421e+00
2.687234313219814208e+00
2.698514348196653589e+00
2.685565498463854173e+00
2.669633540353568257e+00
2.678803946489431542e+00
2.669170364074078705e+00
2.671152480403444773e+00
2.690334907815759458e+00
2.672229162362808275e+00
2.655606602169415797e+00
2.667035352732258779e+00
2.693805118719940772e+00
2.693220126671491688e+00
2.668882061100897651e+00
2.676646043702732847e+00
2.678271840145581173e+00
2.693219763947589662e+00
2.702836046986164309e+00
2.687662000711903865e+00
2.691619816134345644e+00
2.694645130175076897e+00
2.699466639139572077e+00
2.678482492940356785e+00
2.676492677434494816e+00
2.684282383531683358e+00
2.696037207640554101e+00
2.692532746067369143e+00
2.659547529622548812e+00
2.665242502848877759e+00
2.683779627685249469e+00
2.687723234105296122e+00
2.685940878540038046e+00
2.669051604495145558e+00
2.651630676201137238e+00
2.656322605344208831e+00
2.679496318149566569e+00
2.691894708521704871e+00
2.692039693045632731e+00
2.692725785385769122e+00
2.672620997077758798e+00
2.666316894549844552e+00
2.676205194223344463e+00
2.678442848849125646e+00
2.685869785030043921e+00
2.677594043086843012e+00
2.682567453640819277e+00
2.676995734235872781e+00
2.651434833554728421e+00
2.672475089461882281e+00
2.672922627229743053e+00
2.689544378135367175e+00
2.700138345611163615e+00
2.688265139988567753e+00
2.654030729657704146e+00
2.667605596046177752e+00
2.690166473871282271e+00
2.689813463809020089e+00
2.668858803428801441e+00
2.691903991988608080e+00
2.692943807326063421e+00
2.657016225010175425e+00
2.685010696563771226e+00
2.683115929512774223e+00
2.675399427698658350e+00
2.680388274109527291e+00
2.682523721376408155e+00
2.669415975066809388e+00
2.676217408849280499e+00
2.688450420225648507e+00
2.692143059334555666e+00
2.685032953232931341e+00
2.674641505970472011e+00
2.673986346970215422e+00
2.713700558005016195e+00
2.690172094504787559e+00
2.682606186974719531e+00
2.683593534644134415e+00
2.667918711701989132e+00
2.681652485233249283e+00
2.684663696410842793e+00
2.681321748272703864e+00
2.673952369952285579e+00
2.718871160092735106e+00
2.688639445688194574e+00
2.676519037818410052e+00
2.701520126562816593e+00
2.680803147948832343e+00
2.671931300243767460e+00
2.648757127318328131e+00
2.647721314716352303e+00
2.684390049802907185e+00
2.676331930286470318e+00
2.692432876299532207e+00
2.681635087389615091e+00
2.648623311496813848e+00
2.651920957858426853e+00
2.658252220229304630e+00
2.671807423555132122e+00
2.657275712238791332e+00
2.682293849999877633e+00
2.671269568640017855e+00
2.662262627627862255e+00
2.683285048519731042e+00
2.752397913222737635e+00
2.698271184626231722e+00
2.688086704793495763e+00
2.668094372517133106e+00
2.690749983220485309e+00
2.698632059645115877e+00
2.671273205414907093e+00
2.667066321120965533e+00
2.706552395094798502e+00
2.707673843544054826e+00
2.684605059630645663e+00
2.711302010632586690e+00
2.653547125499794213e+00
2.646201191340318282e+00
2.660970132427082913e+00
2.674290729202255967e+00
2.680028700415513665e+00
2.674886379284922011e+00
2.693154248285905883e+00
2.671322291181501551e+00
2.701683600801044527e+00
2.701015190394050691e+00
2.691054115495279397e+00
2.701193201740313299e+00
2.687394130870289111e+00
2.676110986150467053e+00
2.674998366289611518e+00
2.688884045839368131e+00
2.683441200505214841e+00
2.665684465836049455e+00
2.680968550816005269e+00
2.703012551581812861e+00
2.694561395642854240e+00
2.698439828733124379e+00
2.669909041586284282e+00
2.679326467370076958e+00
2.689881821470171186e+00
2.702142374019870452e+00
2.689906302670026061e+00
2.710167092397631539e+00
2.685472393161219440e+00
2.678376419061508251e+00
2.679892826812511952e+00
2.690756084528365566e+00
2.681613261357118638e+00
2.678973685612749289e+00
2.665437413506325459e+00
2.661439049556343583e+00
2.688193021295925966e+00
2.687976340794160812e+00
2.677381504808588719e+00
2.691275593409733879e+00
2.697482707515984846e+00
2.685015325685007781e+00
2.692294220667010851e+00
2.695402112619913915e+00
2.688626323922066241e+00
2.678277232851451028e+00
2.674512915029592097e+00
2.673291641082460757e+00
2.700251590508652377e+00
2.698320897887473091e+00
2.673151898320847319e+00
2.691944583803401514e+00
2.688934607161193924e+00
2.685089955756253755e+00
2.690207731415688919e+00
2.680130404190383064e+00
2.674944482337504148e+00
2.685028199548579408e+00
2.683924853248327747e+00
2.663548783381592955e+00
2.663252326130149950e+00
2.659758769441677551e+00
2.691043712372964247e+00
2.692840616442277124e+00
2.686824685976570315e+00
2.681580650127756371e+00
2.704193806242250364e+00
2.684064418850806710e+00
2.698270280835731505e+00
2.677508922037377559e+00
2.647416137712027773e+00
2.689286816659497870e+00
2.695022489263700916e+00
2.670605028058894437e+00
2.673655899498520672e+00
2.692968226047806723e+00
2.704632918374537898e+00
2.709227100396804921e+00
2.695740287605038255e+00
2.693606735261611540e+00
2.709498520916564956e+00
2.674794221315965892e+00
2.671594125122938035e+00
2.678313445042867613e+00
2.664504054986257753e+00
2.666373802061241083e+00
2.676762418653775732e+00
2.680166460394775463e+00
2.665681613639665049e+00
2.648614682431980505e+00
2.664391830094904101e+00
2.678269790341707868e+00
2.678709364436477447e+00
2.686495479024398669e+00
2.683536604365498679e+00
2.667876172237360510e+00
2.705321415969397680e+00
2.700255810028571624e+00
2.662581924405159839e+00
2.659407092265525296e+00
2.650054274341357985e+00
2.656154586523830297e+00
2.657354697449277658e+00
2.666543831261309894e+00
2.678920569011285835e+00
2.692536518477710583e+00
2.664133600693170845e+00
2.653811235435147520e+00
2.667299264940151016e+00
2.683426002251951381e+00
2.675370090266399714e+00
2.680897886930919238e+00
2.681926558817889994e+00
2.681590801715979300e+00
2.688554959350438089e+00
2.706426474014694605e+00
2.690219731089046995e+00
2.668337049477708778e+00
2.661583038329093931e+00
2.660336848246868335e+00
2.664538360741803391e+00
2.677354422959848268e+00
2.679335737216937741e+00
2.691013982947139560e+00
2.676474912229591219e+00
2.669323486611500318e+00
2.666416987350574086e+00
2.684498625332877531e+00
2.686555756407494222e+00
2.669189944772548895e+00
2.683482596832563960e+00
2.707899612773791542e+00
2.711754749780792118e+00
2.688043620427634561e+00
2.688170330467023916e+00
2.681389887831742591e+00
2.679086576766894545e+00
2.682946494197791854e+00
2.686204491772044456e+00
2.718375874796335800e+00
2.667485216242357016e+00
2.670388129202042382e+00
2.650256214239277597e+00
2.689638476816312629e+00
2.693306042016348378e+00
2.672572659083813473e+00
2.684668582079454247e+00
2.681685353539571270e+00
2.692891054082586333e+00
2.712503334542286204e+00
2.684684189703513191e+00
2.673551500293058325e+00
2.692375469966679535e+00
2.683579649472766171e+00
2.681696775156371615e+00
2.680591565924754782e+00
2.668406453117056376e+00
2.659441824008096589e+00
2.689906603083165759e+00
2.705498056367528825e+00
2.693203120399483286e+00
2.692098307233657728e+00
2.676963197902118452e+00
2.681494158417446982e+00
2.682401778512470081e+00
2.696847335760783615e+00
2.683123191692160514e+00
2.704825441581014456e+00
2.699127356112316356e+00
2.716889527446272989e+00
2.694706857793026877e+00
2.682800522240930796e+00
2.673650642753404583e+00
2.684900306961641281e+00
2.687629330212629064e+00
2.686325664822722281e+00
2.686001230090446334e+00
2.682348636372462014e+00
2.657207223065346291e+00
2.683318592878539910e+00
2.701771566309797645e+00
2.694720591316768221e+00
2.664712684269322729e+00
2.664584196018384255e+00
2.686872258560578430e+00
2.680582072510186542e+00
2.687731079637943221e+00
2.673024344559315146e+00
2.686633140800559261e+00
2.680687229706962604e+00
2.680117575093245108e+00
2.657804731680597499e+00
2.672011979620267930e+00
2.666873549900476092e+00
2.675562992434123100e+00
2.697568956003959517e+00
2.682622196439988560e+00
2.690140877119975737e+00
2.681134684462804785e+00
2.686225430017795013e+00
2.711593443650026636e+00
2.687170617115131943e+00
2.681791992896025434e+00
2.669264129456263568e+00
2.653787456973883074e+00
2.670066707342351187e+00
2.667581453726934004e+00
2.675464897551690147e+00
2.676137322107118077e+00
2.689737927480557733e+00
2.676976697234600078e+00
2.671705630365163397e+00
2.667936404850041576e+00
2.674849922197114260e+00
2.672265498932227867e+00
2.666683584482544056e+00
2.659135929380510799e+00
2.687819272234146961e+00
2.681988745299184185e+00
2.657287105433602470e+00
2.682143989141999807e+00
2.692684243935531185e+00
2.696693947170172745e+00
2.699114391544463754e+00
2.677431048923490042e+00
2.668577828458052803e+00
2.649303957332267423e+00
2.655391064086663366e+00
2.681427422517689507e+00
2.704583957329750099e+00
2.685089518753474458e+00
2.672772961774545042e+00
2.682128743159210238e+00
2.667230700715898628e+00
2.663088479379180029e+00
2.682875934146285335e+00
2.674980774031841868e+00
2.680309822853281787e+00
2.683463099289441267e+00
2.662379825515027498e+00
2.665109359441338643e+00
2.694923510684951395e+00
2.697713868977535068e+00
2.695288118512652709e+00
2.718409730006809077e+00
2.674227241862906723e+00
2.676780331104274158e+00
2.723176058074930683e+00
2.689134583955369973e+00
2.686500194199024083e+00
2.705383706427067381e+00
2.684022992307220523e+00
2.687329174614411897e+00
2.671691172646842194e+00
2.684361460964542978e+00
2.681161720773402646e+00
2.677269058939466095e+00
2.664093803710978037e+00
2.668206856314339515e+00
2.699022093519055865e+00
2.687602426342415196e+00
2.670703485723402437e+00
2.648793065257478485e+00
2.705073817212745535e+00
2.707296448940288869e+00
2.661047529910538056e+00
2.646416507657526118e+00
2.692214328350591046e+00
2.692577167964181672e+00
2.687368684071026248e+00
2.658109320962831479e+00
2.672357525872481432e+00
2.695119663499769835e+00
2.695564566505044723e+00
2.696640927836090551e+00
2.664086676978115964e+00
2.652116992569649945e+00
2.673536779741124914e+00
2.673410126316285496e+00
2.671296309031741423e+00
2.677862656060207236e+00
2.665567969398519033e+00
2.673596734457215796e+00
2.694823705555805748e+00
2.676866791902096310e+00
2.675276433054206926e+00
2.659508320022420769e+00
2.666753911724152992e+00
2.684234149598221375e+00
2.671470698436540836e+00
2.670166349145341123e+00
2.698254501383135384e+00
2.710641143474700865e+00
2.666937058910604286e+00
2.678530854844805908e+00
2.677904035246184034e+00
2.691225730107937864e+00
2.676591650105202280e+00
2.689983797802586452e+00
2.693199760144823429e+00
2.703923569861715226e+00
2.693395221455996413e+00
2.701205156804589169e+00
2.691889620699388530e+00
2.671738488280856139e+00
2.712344425593975039e+00
2.694627307446596287e+00
2.694871827441617462e+00
2.666225152023762313e+00
2.664796681933907507e+00
2.660059024077505718e+00
2.674396275717171534e+00
2.667296619388840107e+00
2.680093917597145659e+00
2.686443423070655978e+00
2.666699089128077294e+00
2.671250253247160256e+00
2.674258664723303536e+00
2.670057041179391355e+00
2.680513864946036051e+00
2.679416601333380221e+00
2.668835979175204987e+00
2.668966322287333437e+00
2.686657581422951413e+00
2.674849427002369495e+00
2.676215130715752899e+00
2.688182574266627434e+00
2.655823598668592744e+00
2.659189539742444985e+00
2.666101036871364460e+00
2.682332609559276548e+00
2.672806991025834300e+00
2.679500726124183441e+00
2.661595799111293292e+00
2.666961802718986974e+00
2.659489262738981008e+00
2.641045864808625687e+00
2.707366671682238657e+00
2.695301900565651110e+00
2.663653490591597173e+00
2.681638708061344634e+00
2.695105642061563778e+00
2.681503078305735421e+00
2.652997936333980622e+00
2.662341353953792122e+00
2.688453085855689650e+00
2.686979103410199965e+00
2.690954075518280142e+00
2.691941426958602168e+00
2.688179195970162638e+00
2.670130365724713961e+00
2.670859768224782549e+00
2.670648712474057440e+00
2.677303515377833509e+00
2.658870755680793785e+00
2.651632596466829472e+00
2.678049705674755199e+00
2.675182570951156524e+00
2.705289239649002031e+00
2.720450565417897426e+00
2.681931739548940818e+00
2.679413046347338678e+00
2.720433667284622103e+00
2.698254964356873842e+00
2.656713460443945518e+00
2.671658695830570807e+00
2.651168893967265738e+00
2.653553073658687200e+00
2.676386695764337187e+00
2.691869428853146395e+00
2.666378769115127056e+00
2.683794306542012009e+00
2.688579102343946481e+00
2.695628578496920280e+00
2.704113337751318902e+00
2.674451600606238433e+00
2.655134255984947345e+00
2.680273290782766882e+00
2.680204698483914516e+00
2.700647554922424476e+00
2.714128289376595227e+00
2.692272750890456035e+00
2.670271660280733705e+00
2.670369830592716820e+00
2.712348988420742568e+00
2.688658019908188201e+00
2.677133471405146459e+00
2.669592243867051629e+00
2.657326761653200364e+00
2.661938364767757470e+00
2.674923983227704305e+00
2.685135262682359247e+00
2.664305479382483632e+00
2.711319064408087787e+00
2.710941241537136115e+00
2.681179018960893945e+00
2.667170419685004124e+00
2.689322424484574814e+00
2.682625093945124384e+00
2.672936018016990101e+00
2.678599703402295251e+00
2.704190377573554294e+00
2.687176352334463836e+00
2.668949072106141074e+00
2.657596380488604026e+00
2.662041099285355816e+00
2.669398546088722401e+00
2.673715004164922693e+00
2.660063857346910865e+00
2.664478312346575173e+00
2.706264689496696185e+00
2.695848168724041205e+00
2.703057915988798410e+00
2.687746404553172042e+00
2.666184197451858306e+00
2.663919227477209439e+00
2.669211585532214936e+00
2.682290837160072439e+00
2.675778432699364107e+00
2.669527328186064530e+00
2.687838161125193359e+00
2.677198960047873832e+00
2.682413148143877990e+00
2.678534366326850602e+00
2.676104164335958213e+00
2.655006873782381316e+00
2.684427892957559347e+00
2.677629610066650123e+00
2.668825389019844785e+00
2.670092939798663245e+00
2.696514943641211026e+00
2.678310371371772192e+00
2.688390582677483209e+00
2.682791674217528399e+00
2.674193214098490756e+00
2.676670944836085475e+00
2.656301337448583766e+00
2.690173756768566626e+00
2.675524746375407492e+00
2.675502648661371108e+00
2.693364262539661436e+00
2.686040557835985609e+00
2.674457117776896986e+00
2.687279459322144071e+00
2.665363448804246804e+00
2.682298904226928293e+00
2.660491421578269566e+00
2.675407111303614194e+00
2.668803770233328709e+00
2.693921291430007692e+00
2.682119208517004694e+00
2.668230269727152049e+00
2.666868132480074927e+00
2.691649194335767881e+00
2.702188699159223439e+00
2.687643180238976637e+00
2.683396526660897230e+00
2.686657702826010130e+00
2.674935519457643629e+00
2.695137228544658647e+00
2.677783931611507739e+00
2.681889734973368355e+00
2.693172993872972931e+00
2.679511817839462573e+00
2.677368900778711147e+00
2.664911676041307409e+00
2.699705096348144373e+00
2.690721869166354807e+00
2.683082809035739924e+00
2.699568076305665976e+00
2.697295210352145478e+00
2.697986788718165663e+00
2.672362193757567450e+00
2.672624593080831001e+00
2.685922642267948746e+00
2.699502463237131611e+00
2.688072760084373236e+00
2.699693220726556930e+00
2.692063424652600290e+00
2.703240966760236841e+00
2.682565185889233206e+00
2.684157858239235139e+00
2.693332583020290105e+00
2.664652323971366865e+00
2.667220043656271855e+00
2.693103962155041220e+00
2.673653950580276106e+00
2.693779573672156147e+00
2.699906544131100983e+00
2.682828055933448752e+00
2.677763790962709667e+00
2.685178237992001726e+00
2.678499063813613468e+00
2.693213837309573755e+00
2.700868422941665514e+00
2.671776584573827495e+00
2.666903213449777432e+00
2.680204532788355465e+00
2.711786907643581657e+00
2.701433989467944219e+00
2.684787218300137113e+00
2.694730755696816527e+00
2.679764536557938115e+00
2.689074797771600966e+00
2.689238300818047378e+00
2.679524566565279819e+00
2.680447335149502841e+00
2.666364252739208851e+00
2.670991476274954479e+00
2.678170033307653242e+00
2.677491192822610611e+00
2.683708786042553029e+00
2.675643972124179815e+00
2.709229678630403093e+00
2.685724868253275943e+00
2.681157234138084267e+00
2.678994436016771896e+00
2.699537893237859976e+00
2.666055447455897731e+00
2.652474354333983708e+00
2.668701501381915087e+00
2.691995229366146436e+00
2.677216139012546403e+00
2.696022651959171679e+00
2.683715849732406955e+00
2.683991454872132643e+00
2.667260631091166179e+00
2.686956907386078619e+00
2.707761176821668947e+00
2.672567722787477784e+00
2.692311107007838267e+00
2.696450236935874933e+00
2.673750851095555880e+00
2.663606947563209815e+00
2.695205229657740453e+00
2.689924332219658432e+00
2.668388910968717997e+00
2.664658013473629516e+00
2.668595281785724804e+00
2.666260608489085193e+00
2.674801199467188972e+00
2.669298646472598513e+00
2.680630457057826987e+00
2.666928690857589324e+00
2.682702939415015031e+00
2.670455716622448517e+00
2.660568950811718736e+00
2.679865772306075478e+00
2.669136995361848008e+00
2.693634197773679961e+00
2.686300083777527714e+00
2.679603756258512437e+00
2.693882956641382442e+00
2.681917416315138247e+00
2.691230580416058782e+00
2.676318424259106710e+00
2.672514063472771983e+00
2.682394627259197861e+00
2.676799959479049473e+00
2.675518508693838449e+00
2.695429736764544337e+00
2.666224994364111645e+00
2.664110282039692912e+00
2.660767189788216136e+00
2.669183803040961145e+00
2.673638846444188033e+00
2.701654843904129688e+00
2.690938515259112762e+00
2.658686283636316539e+00
2.671502246633142175e+00
2.694936982543438830e+00
2.675668893203909882e+00
2.697616664764330707e+00
2.708031850663597417e+00
2.664578355158292666e+00
2.670370187375277204e+00
2.655559466719565442e+00
2.667416323484320007e+00
2.667824182549040302e+00
2.678938563691441566e+00
2.660462177418050356e+00
2.677351541766341825e+00
2.674750041456902316e+00
2.639029739103731398e+00
2.672310629570295415e+00
2.668451169671483658e+00
2.675241161606753515e+00
2.655309207321725928e+00
2.672100874912734625e+00
2.670299267210294314e+00
2.654769240630137084e+00
2.691325009308836336e+00
2.719721648386469681e+00
2.684863338899813101e+00
2.687769634834517696e+00
2.680880177528567998e+00
2.684922729257722906e+00
2.662700513938207614e+00
2.685566210374518814e+00
2.682897811455245751e+00
2.675252474616692133e+00
2.681306989376479599e+00
2.663847380492360806e+00
2.675752155300003210e+00
2.654082549873452379e+00
2.679490532975687067e+00
2.673278417906104654e+00
2.688050961393165572e+00
2.666274708386448644e+00
2.696019535306742654e+00
2.703022399702711187e+00
2.650970029217927681e+00
2.660475103102767136e+00
2.687813263593834101e+00
2.683721460546216520e+00
2.684469387360311377e+00
2.675814763132634333e+00
2.672360048641099439e+00
2.676698207347791403e+00
2.675430521715546739e+00
2.709699838277063400e+00
2.696418269556031255e+00
2.668354555554197649e+00
