2.704515370036112198e+00
2.693948855797379416e+00
2.701571646851554043e+00
2.694661718523533533e+00
2.679315087862158329e+00
2.683101270600340094e+00
2.675342253506009627e+00
2.693977339107188840e+00
2.731054255281848420e+00
2.692043132135223171e+00
2.681792372294007354e+00
2.676031063572220425e+00
2.676215791757285967e+00
2.694484398984167139e+00
2.709227891165826740e+00
2.695113892852956106e+00
2.684832613261895151e+00
2.694203827692358111e+00
2.679109584283171586e+00
2.691442268190396447e+00
2.712681538756165800e+00
2.723019825988562737e+00
2.705389010136781902e+00
2.690927020991765950e+00
2.674920178491335232e+00
2.708638600584579059e+00
2.712989358469327872e+00
2.699082597765516400e+00
2.695122559418060781e+00
2.693644350221318540e+00
2.691919335459725282e+00
2.697350168747948196e+00
2.704414074828216830e+00
2.694902317306265171e+00
2.687795917971537385e+00
2.705317902308600253e+00
2.693460449324907025e+00
2.682196211733174351e+00
2.692696699481225586e+00
2.694114446335914348e+00
2.701560827083668848e+00
2.695953871026337989e+00
2.697270892857448032e+00
2.707438133687309012e+00
2.692357351489908623e+00
2.680238864768640816e+00
2.686131997584953801e+00
2.692011238928521344e+00
2.706113508678748225e+00
2.712953721003546814e+00
2.707237716607870048e+00
2.710843152556788205e+00
2.705072189566046781e+00
2.684378522837448156e+00
2.697233483176866287e+00
2.680654371402997782e+00
2.678653081758227028e+00
2.677785256752894583e+00
2.701110452523811212e+00
2.719123619002417946e+00
2.708290778544401700e+00
2.709497394053756558e+00
2.725387210455830544e+00
2.708599913083955091e+00
2.712330377154541949e+00
2.711060445175419442e+00
2.694268560299877713e+00
2.711823709588451869e+00
2.737349285354560902e+00
2.683800092044657859e+00
2.699094236585566353e+00
2.690944297888587577e+00
2.711616417691208980e+00
2.709556219845703051e+00
2.695681264911913733e+00
2.738339390349594282e+00
2.736338615798013851e+00
2.698077524664789895e+00
2.694209465996028730e+00
2.708486104654995952e+00
