1.111577020617970701e+00
1.107675537860498993e+00
1.110512243261636778e+00
1.107644245752383183e+00
1.109141145427459119e+00
1.107829235887561881e+00
1.111918174926597391e+00
1.113442547806389182e+00
1.106955880713870410e+00
1.111234964434001604e+00
1.110302273206677404e+00
1.107698819487304753e+00
1.111964869002311618e+00
1.112250867250890174e+00
1.110250881633752629e+00
1.108813602535226872e+00
1.110439731633675597e+00
1.116563248313633849e+00
1.107972734664623760e+00
1.106576573498690319e+00
1.110388401670212577e+00
1.114164026088320547e+00
1.111315373244499582e+00
1.112743623950294802e+00
1.109332234143690865e+00
1.107591074696687272e+00
1.110611421666799936e+00
1.107129593422536917e+00
1.110979900245056662e+00
1.113397635188048795e+00
1.115821796214078621e+00
1.110060873190217956e+00
1.110149925334815491e+00
1.107407290822223223e+00
1.110764550694131714e+00
1.106315081734593475e+00
1.113076270352194808e+00
1.110734642251932414e+00
1.111524905842489419e+00
1.113170397644194010e+00
1.113551804872586537e+00
1.110079155886840363e+00
1.108228161241112453e+00
1.109922727856148095e+00
1.108123695224934480e+00
1.109743508493177266e+00
1.107983274753593594e+00
1.107167817896629103e+00
1.111561704204022005e+00
1.108336114495788172e+00
1.113544611046685118e+00
1.109746412302259344e+00
1.112468704244881978e+00
1.112998373393938811e+00
1.113647168246086672e+00
1.110961782397860365e+00
1.110808077115386983e+00
1.109570777355251003e+00
1.112775774366189907e+00
1.110004920938292727e+00
1.107689797171123480e+00
1.109357748723301285e+00
1.110747612141567142e+00
1.109081820003561925e+00
1.111366285602958914e+00
1.112765876614158822e+00
1.110132439231651835e+00
1.109937579835001520e+00
1.111359266941573498e+00
1.110103350605583961e+00
1.112177434022520117e+00
1.112350452102144560e+00
1.112826641796598626e+00
1.111007607121826668e+00
1.108010789687185582e+00
1.111138804998685226e+00
1.110052159733116106e+00
1.108878218207662414e+00
1.108813598620355334e+00
1.110754565224241430e+00
