5.473078289888024806e+00
5.485369814848519709e+00
5.488010507392504067e+00
5.488402349851500439e+00
5.490994605051120026e+00
5.485675343828809503e+00
5.486048821718432222e+00
5.483483007173998836e+00
5.489446320135719759e+00
5.484227055840453779e+00
5.502237596941466080e+00
5.483845521454216332e+00
5.472031590117183875e+00
5.487570793914837708e+00
5.491243941712250276e+00
5.508258730476666365e+00
5.475431306339133108e+00
5.489634811050345675e+00
5.489142525965627684e+00
5.480344369699116314e+00
5.496001951330274693e+00
5.482563577776563335e+00
5.480683974468973929e+00
5.493042266138433938e+00
5.488487858898476013e+00
5.474649842305129965e+00
5.496739133091258722e+00
5.494922698648457171e+00
5.463989560731505435e+00
5.507604344624334125e+00
5.492897863588265928e+00
5.480612867603846361e+00
5.480558969415840309e+00
5.490114820965240838e+00
5.485010889475550044e+00
5.498071580650861989e+00
5.473690310070928433e+00
5.497622377577762620e+00
5.467716848266543472e+00
5.485517672575626058e+00
5.480024343426963540e+00
5.481624575861778759e+00
5.484417277389692202e+00
5.472356279724881034e+00
5.505253040698412370e+00
5.477811697733159235e+00
5.488647656146947718e+00
5.475241276421010994e+00
5.493526720235199612e+00
5.501216376192546775e+00
5.472320177581684320e+00
5.488638265728175369e+00
5.499220487853230033e+00
5.480597660034653984e+00
5.481878900287211032e+00
5.477601333145168283e+00
5.497703871461445679e+00
5.480141921879120304e+00
5.492584270213584752e+00
5.472438343134012229e+00
5.496478303230933449e+00
5.487578312708145667e+00
5.486258503024920685e+00
5.481573047000242838e+00
5.477932775515053088e+00
5.486857964964387158e+00
5.486471555507763220e+00
5.491055878199427198e+00
5.485169851457782464e+00
5.487258666443973532e+00
5.491973948335913569e+00
5.478266994112542143e+00
5.487320886351362503e+00
5.479699866439021960e+00
5.488540324358607059e+00
5.490907853376634229e+00
5.483671419311459516e+00
5.494861081100359534e+00
5.478002723689656683e+00
5.491069639344248188e+00
